loop1: max_iter=50, norm_reduction(target=0.001, final=0.00213006)
  i                   resNorm                         J                        Jb                      JoJc
  0         1833.713695465775      1619865.393887663027            0.000000000000      1619865.393887663027
  1         1302.694712906538      1614552.711792208022           16.787831304734      1614535.923960902961
  2         1069.733299565295      1610469.607898535905           72.157256290104      1610397.450642246054
  3          902.719994776670      1608321.234486286994          133.097882541428      1608188.136603746098
  4          763.586977382970      1605918.800892709056          253.906546136726      1605664.894346571993
  5          743.792400625373      1604357.598408161895          377.749360543895      1603979.849047617987
  6          585.796837027980      1602993.463026056997          530.220312798111      1602463.242713259067
  7          519.168883527206      1601872.168353433954          699.163795881191      1601173.004557552980
  8          479.125625304368      1600923.453628238989          885.799890938944      1600037.653737300076
  9          415.729166190191      1600090.058643405093         1094.815570411055      1598995.243072994053
 10          367.458484249637      1599489.247152524069         1279.819408688449      1598209.427743834909
 11          299.201444687632      1598840.286534747109         1523.644753122531      1597316.641781625105
 12          277.624513149765      1598351.847808584105         1746.580776974082      1596605.267031610012
 13          248.450908783451      1597967.431602672907         1953.959600588458      1596013.472002083901
 14          255.187148300794      1597640.145878261887         2159.531066390799      1595480.614811870968
 15          231.168960153772      1597433.349852476967         2306.424564347990      1595126.925288128899
 16          214.098868924193      1597228.574117249111         2468.013199202944      1594760.560918045929
 17          171.723789432345      1597053.207072672900         2621.749686019385      1594431.457386654103
 18          155.496657620278      1596907.788562153932         2762.506286074724      1594145.282276079059
 19          148.748616634475      1596773.656068478944         2905.887609297275      1593867.768459182000
 20          131.638102138163      1596680.440780773060         3014.885142729702      1593665.555638042977
 21          117.740701714518      1596592.803269743919         3126.088547734648      1593466.714722010074
 22          110.514990712269      1596525.213434601901         3218.914269785854      1593306.299164816970
 23           95.458400214427      1596466.252549793106         3306.087816354900      1593160.164733438054
 24           79.783555066580      1596413.360191316111         3390.335277022135      1593023.024914294016
 25           75.335399510504      1596375.706710557919         3454.634322369094      1592921.072388188913
 26           67.457704589135      1596345.140207319986         3510.188037215019      1592834.952170104953
 27           62.974235574465      1596320.155175704043         3558.376205118486      1592761.778970584972
 28           57.431620281819      1596299.916273873998         3599.670866824856      1592700.245407049078
 29           48.788713333699      1596283.385765877087         3635.235098009448      1592648.150667868089
 30           45.258255380205      1596270.403698622016         3664.591917756851      1592605.811780865071
 31           37.024022517374      1596258.808567890897         3692.139062841827      1592566.669505049009
 32           36.766992657258      1596250.724070199998         3712.263896954426      1592538.460173245985
 33           32.157391263767      1596244.291732491925         3728.956305003439      1592515.335427488899
 34           27.660763360678      1596239.402315645944         3742.139873286232      1592497.262442359934
 35           27.652914004850      1596234.404577906011         3756.177093987367      1592478.227483917959
 36           22.419163903458      1596231.086548924912         3765.874534886388      1592465.212014039047
 37           18.994548052227      1596227.960947850952         3775.356053517596      1592452.604894333053
 38           16.883105898207      1596225.390705907019         3783.471356090423      1592441.919349817093
 39           15.828350508355      1596223.426160874078         3789.922205279593      1592433.503955594031
 40           14.246426495108      1596221.852900533006         3795.285040095263      1592426.567860438023
 41           12.041657162287      1596220.747928214958         3799.181402880253      1592421.566525334958
 42           10.383843632090      1596219.705421716906         3802.983641219897      1592416.721780497115
 43            9.742632910352      1596218.999083099887         3805.647428083744      1592413.351655015955
 44            8.867025830121      1596218.541022989899         3807.423044068176      1592411.117978922091
 45            7.267178916679      1596218.044939938933         3809.401094141026      1592408.643845797982
 46            6.903807152620      1596217.665112063056         3810.963810220555      1592406.701301841997
 47            5.781426840684      1596217.371161910007         3812.209778170248      1592405.161383738974
 48            5.720385020049      1596217.139305558987         3813.221163365241      1592403.918142192997
 49            4.744635334647      1596216.977213435108         3813.946958508674      1592403.030254926067
 50            3.905925425060      1596216.825344817014         3814.644725857283      1592402.180618959945

loop2: max_iter=50, norm_reduction(target=0.001, final=0.00487372)
  i                   resNorm                         J                        Jb                      JoJc
  0           46.525403525301      1596235.808455571067         3814.644725857283      1592421.163729713997
  1           46.078818280163      1596229.689910975052         3815.623831492559      1592414.066079481971
  2           39.793822488789      1596221.671500772005         3817.630865182052      1592404.040635589976
  3           32.109085432205      1596217.140467510093         3819.643936400030      1592397.496531110024
  4           30.488960034009      1596214.998232702957         3820.801813622005      1592394.196419080952
  5           24.656228773986      1596212.856271529105         3822.266629105229      1592390.589642423904
  6           24.202617288772      1596211.298234557034         3823.621413726577      1592387.676820829976
  7           19.990262104635      1596208.909382295096         3826.041663747765      1592382.867718548048
  8           22.111255627870      1596207.656955465907         3827.424793035274      1592380.232162431115
  9           17.831981387827      1596206.519396906020         3828.852957053549      1592377.666439851979
 10           14.886027212990      1596205.314826020971         3830.320336253204      1592374.994489766890
 11           13.002100803544      1596204.076307580108         3831.725662719299      1592372.350644861115
 12           13.076068032307      1596203.190541598015         3832.666748378380      1592370.523793218890
 13           11.536580582645      1596202.389043258969         3833.624549123939      1592368.764494135045
 14           12.094851051943      1596201.760986041045         3834.494807763577      1592367.266178278020
 15           10.889647843215      1596201.303184647113         3835.183301300948      1592366.119883345906
 16            9.687958993811      1596200.789503538981         3836.030090464212      1592364.759413074935
 17            9.132122515778      1596200.427251857938         3836.646059165331      1592363.781192691997
 18            7.641478030082      1596200.001634967048         3837.369938278750      1592362.631696688011
 19            7.293141228315      1596199.655011038063         3838.039878859332      1592361.615132177947
 20            6.706884697151      1596199.374201973900         3838.597961234617      1592360.776240739040
 21            6.056361851680      1596199.149927929975         3839.046357942855      1592360.103569986997
 22            5.952688321197      1596198.972661093110         3839.400071962315      1592359.572589131072
 23            5.149063895274      1596198.832183489110         3839.724054392090      1592359.108129096916
 24            4.408281137301      1596198.690792456036         3840.042278770982      1592358.648513684981
 25            4.223524703380      1596198.590705107898         3840.250184119639      1592358.340520987986
 26            3.710407137983      1596198.500618196093         3840.396442268981      1592358.104175926885
 27            3.139928731104      1596198.436323828064         3840.506451691004      1592357.929872137029
 28            2.897745670561      1596198.372038003989         3840.628318132417      1592357.743719872087
 29            2.663322788382      1596198.325522409054         3840.693383124209      1592357.632139285095
 30            2.486331804263      1596198.285392788006         3840.765365307166      1592357.520027481019
 31            2.286364717581      1596198.258001145907         3840.795035572812      1592357.462965572951
 32            1.837854602211      1596198.231795310974         3840.807151567232      1592357.424643744016
 33            1.718666291177      1596198.211318484973         3840.837649875511      1592357.373668609885
 34            1.474414343807      1596198.193116901908         3840.868308285603      1592357.324808616890
 35            1.253221850270      1596198.178647737019         3840.895025859400      1592357.283621876966
 36            1.331086010284      1596198.168947767001         3840.895344035610      1592357.273603731999
 37            1.018633959888      1596198.160497222096         3840.898825007923      1592357.261672213906
 38            0.889892664918      1596198.153801081935         3840.914519688777      1592357.239281392889
 39            0.841264840248      1596198.147670710925         3840.953403008552      1592357.194267702987
 40            0.740861661165      1596198.143792513991         3840.991153246050      1592357.152639267966
 41            0.674948594712      1596198.140338083962         3841.036176214156      1592357.104161869967
 42            0.570421735486      1596198.137660749024         3841.076316621230      1592357.061344128102
 43            0.509711526354      1596198.135290714912         3841.123994805265      1592357.011295909993
 44            0.484192784814      1596198.133618372027         3841.171173826882      1592356.962444545003
 45            0.429807670054      1596198.132374367910         3841.217270995549      1592356.915103371954
 46            0.356591510903      1596198.131223039003         3841.271656505917      1592356.859566533007
 47            0.354180749059      1596198.130404588068         3841.327889707300      1592356.802514880896
 48            0.304126254742      1596198.129789819941         3841.384662683296      1592356.745127137052
 49            0.255366167957      1596198.129190202104         3841.455915488392      1592356.673274714034
 50            0.226751784751      1596198.128712699981         3841.526811611569      1592356.601901089074

