loop1: max_iter=50, norm_reduction(target=0.001, final=0.000880597)
  i                   resNorm                         J                        Jb                      JoJc
  0         1255.127544268845      1359915.854513793020            0.000000000000      1359915.854513793020
  1         1544.439681184474      1356874.373128077015           11.744231422129      1356862.628896655049
  2         1055.990006788540      1353922.725387739018           52.904601996246      1353869.820785742020
  3          696.309595931853      1352160.753452782985          100.550987821244      1352060.202464961912
  4          827.148803775663      1350607.973425131990          172.568133577840      1350435.405291554052
  5          503.780223840388      1348225.066528623924          374.961260224646      1347850.105268399930
  6          548.330514808662      1347189.398736692034          510.146568888890      1346679.252167803003
  7          419.870324428727      1345780.508567065932          772.105621029631      1345008.402946036076
  8          357.037735033078      1344687.991672517033         1058.419849699011      1343629.571822817903
  9          354.390305462812      1343843.007700555027         1351.357118877899      1342491.650581676979
 10          276.209632968514      1343176.096184252063         1642.595480012737      1341533.500704238890
 11          259.061414008752      1342649.279913611943         1922.970951396193      1340726.308962214971
 12          249.518679166145      1342275.505902258912         2157.922359917413      1340117.583542342065
 13          175.290917858203      1341905.552988636075         2429.111889835312      1339476.441098801093
 14          156.997923020527      1341576.467465502908         2713.413294094859      1338863.054171408061
 15          140.032737980834      1341319.428637885954         2974.229520323333      1338345.199117562966
 16          124.286170670768      1341164.145962026902         3153.641421024557      1338010.504541002912
 17          104.649796133879      1341017.196505269967         3344.199601874896      1337672.996903395047
 18           90.258833107312      1340920.381605410017         3484.066018092295      1337436.315587318037
 19           70.269483204517      1340841.968679029029         3608.707276438257      1337233.261402590899
 20           70.982099747622      1340782.416617712937         3712.711872012376      1337069.704745701049
 21           53.804136740572      1340744.211251683999         3785.122161406542      1336959.089090277907
 22           45.648299804520      1340710.131931537064         3854.861183802466      1336855.270747734001
 23           38.331606281791      1340684.286422705045         3912.194564230468      1336772.091858475003
 24           34.166340263641      1340666.481902000029         3954.776101118103      1336711.705800882075
 25           29.050389378586      1340653.887602315983         3986.997151459429      1336666.890450857114
 26           23.506427832853      1340644.423857724993         4012.775995325824      1336631.647862398997
 27           20.466608201601      1340637.424518859945         4033.040103446334      1336604.384415413952
 28           15.756726670661      1340632.285140739987         4048.823973676635      1336583.461167063098
 29           15.076104052666      1340629.207895332947         4058.787229110667      1336570.420666222926
 30           14.018056468121      1340626.824696677970         4066.882690347110      1336559.942006330937
 31           10.639161087319      1340625.391618093941         4071.958142155157      1336553.433475939091
 32            8.611763469096      1340623.851892237086         4077.655901903375      1336546.195990334032
 33            7.361023689534      1340622.865850199945         4081.485274444939      1336541.380575754913
 34            6.646806436097      1340622.185341787059         4084.246024084601      1336537.939317702083
 35            5.403602242586      1340621.686740487115         4086.354028781224      1336535.332711705007
 36            4.681424822307      1340621.370535922004         4087.741822502231      1336533.628713419894
 37            3.953604019595      1340621.117806486087         4088.891309507424      1336532.226496978896
 38            3.184201982515      1340620.915465838043         4089.847317292750      1336531.068148544990
 39            2.595932531495      1340620.778794392943         4090.517997554276      1336530.260796838906
 40            2.333627883905      1340620.681228054920         4091.014598144900      1336529.666629910003
 41            1.834036395936      1340620.616256915964         4091.356905808723      1336529.259351107059
 42            1.479401883532      1340620.569958158070         4091.608911218505      1336528.961046939017
 43            1.262787896385      1340620.533958168002         4091.811717205704      1336528.722240963019
 44            1.105261506367      1340620.512379051885         4091.937381650339      1336528.574997402029

loop2: max_iter=50, norm_reduction(target=0.001, final=0.000832039)
  i                   resNorm                         J                        Jb                      JoJc
  0           50.534171834785      1340693.273799716961         4091.937381650339      1336601.336418067105
  1           50.590476277531      1340666.783027716912         4094.285934623417      1336572.497093094047
  2           43.960142211190      1340664.438819540897         4094.541714822145      1336569.897104718955
  3           31.891549264966      1340658.585220792098         4095.418664862278      1336563.166555928998
  4           29.805881022509      1340656.268482395913         4095.900524077043      1336560.367958318908
  5           30.159169765535      1340653.160384645918         4096.494706447684      1336556.665678198915
  6           18.229179668618      1340651.401329715969         4096.878037810075      1336554.523291906109
  7           16.198672879354      1340647.863299719989         4098.088113970841      1336549.775185748935
  8           17.991122806206      1340646.504824896110         4098.737617270047      1336547.767207626021
  9           13.410773314168      1340644.755640617106         4099.779212274839      1336544.976428342983
 10           14.180143918159      1340643.947701297002         4100.174212979962      1336543.773488316918
 11           10.614767101857      1340642.960463902913         4100.700970982192      1336542.259492920013
 12           10.975495702233      1340641.924132334068         4101.345064643891      1336540.579067690065
 13            9.617127131971      1340641.310363294091         4101.844119483473      1336539.466243810020
 14            7.748298082544      1340640.603994261939         4102.459369027206      1336538.144625235116
 15            7.842887175434      1340640.012894950109         4102.953272261858      1336537.059622687986
 16            6.775091659667      1340639.526404709090         4103.384190965003      1336536.142213744111
 17            5.375102648923      1340639.109290152090         4103.670031279105      1336535.439258872997
 18            4.332493777439      1340638.751787312096         4103.888270968356      1336534.863516343990
 19            3.844575313055      1340638.462364881998         4103.989790532019      1336534.472574349027
 20            3.580789628320      1340638.283655899111         4104.015218123984      1336534.268437775085
 21            3.197600664621      1340638.168276814977         4104.041876128152      1336534.126400687033
 22            2.588308327228      1340638.055856134044         4104.003056795375      1336534.052799338009
 23            2.400161795490      1340637.986777008977         4104.016550599275      1336533.970226410078
 24            1.992371879829      1340637.938011972001         4104.050153250348      1336533.887858720962
 25            1.624340119748      1340637.892401440069         4104.031818429041      1336533.860583011061
 26            1.574951634132      1340637.865075356094         4104.040259190596      1336533.824816165026
 27            1.312302081955      1340637.846298634075         4104.065760589198      1336533.780538043939
 28            1.070707022321      1340637.830082802102         4104.056051646389      1336533.774031155044
 29            0.858384186964      1340637.816299584927         4104.035591028194      1336533.780708556995
 30            0.784663670978      1340637.807896324899         4104.021363179675      1336533.786533145932
 31            0.602047104786      1340637.801081757993         4103.983178234343      1336533.817903523101
 32            0.569591914646      1340637.796501843026         4103.976989412705      1336533.819512430113
 33            0.435024552406      1340637.792800507043         4103.950104960150      1336533.842695547035
 34            0.363437748224      1340637.790070524905         4103.934925668555      1336533.855144856963
 35            0.323517866865      1340637.788522314979         4103.918104133636      1336533.870418180944
 36            0.278938672789      1340637.787285429891         4103.901116576009      1336533.886168854078
 37            0.246794001054      1340637.786451264983         4103.890251406056      1336533.896199858980
 38            0.174844705275      1340637.785733236931         4103.880014333829      1336533.905718903057
 39            0.147929217106      1340637.785243582912         4103.879312988939      1336533.905930594075
 40            0.131773545084      1340637.784919915022         4103.878338812860      1336533.906581101939
 41            0.106354836254      1340637.784702545032         4103.879175297441      1336533.905527248047
 42            0.086485052959      1340637.784530577017         4103.882246916056      1336533.902283661067
 43            0.075006359803      1340637.784425643040         4103.882351191272      1336533.902074452024
 44            0.062477838130      1340637.784357154975         4103.888369744709      1336533.895987410098
 45            0.054074849334      1340637.784306163900         4103.890965228385      1336533.893340935931
 46            0.042046404799      1340637.784267239971         4103.898589395504      1336533.885677844053

