loop1: max_iter=50, norm_reduction(target=0.001, final=0.000895894)
  i                   resNorm                         J                        Jb                      JoJc
  0         2885.468603089549      1091777.246187190991            0.000000000000      1091777.246187190991
  1         1337.043160069928      1080978.494834281970           28.012016424783      1080950.482817857061
  2         1271.687237602168      1074793.982981994050          112.075815130764      1074681.907166864024
  3         1010.250945543210      1069935.469119298039          280.221535217023      1069655.247584081022
  4          860.366476642370      1066650.529206068953          484.490940990481      1066166.038265079027
  5          661.183056689804      1063670.392806492979          778.853599835969      1062891.539206657093
  6          567.046443940048      1061317.708589018090         1127.614363113082      1060190.094225904904
  7          546.713544591344      1059513.705927788047         1504.006726860995      1058009.699200927047
  8          521.632969897553      1058544.822527999990         1760.937722098517      1056783.884805901907
  9          410.741859298018      1057303.285864948994         2169.405228501750      1055133.880636448041
 10          400.017427104704      1056491.973784582922         2497.583324917563      1053994.390459665097
 11          356.781737543420      1055900.252225256059         2777.798916373806      1053122.453308881959
 12          305.442712437578      1055392.940492626978         3053.557403722216      1052339.383088903967
 13          255.404065627719      1054809.916863983963         3423.628260507475      1051386.288603476016
 14          224.922021466556      1054374.043816311983         3747.688179925822      1050626.355636385968
 15          194.875647507164      1054042.183705264004         4030.429234161006      1050011.754471102962
 16          202.152051050346      1053815.767308047973         4246.736788750846      1049569.030519298045
 17          166.694018856788      1053619.348488403019         4454.251366369144      1049165.097122034058
 18          158.907324786488      1053506.997183257947         4583.064732184660      1048923.932451074012
 19          132.628946595296      1053352.161775781075         4776.442973327778      1048575.718802453019
 20          122.753748958504      1053274.552916771034         4881.570551225224      1048392.982365546050
 21          110.311786648227      1053185.996972436085         5010.370627920797      1048175.626344515011
 22           99.358416577012      1053128.248939946061         5100.511813773930      1048027.737126172055
 23           81.091387593583      1053067.743595723994         5201.618366081154      1047866.125229642959
 24           76.214637777529      1053014.364516101079         5297.944387989748      1047716.420128111029
 25           67.180559426869      1052982.428935667966         5359.560211913291      1047622.868723755004
 26           58.898745156379      1052953.989024417941         5417.671938319600      1047536.317086098948
 27           47.740819312337      1052929.212221124908         5471.450045475525      1047457.762175649987
 28           46.244988318731      1052911.811242104042         5511.464821931124      1047400.346420172020
 29           38.171286033340      1052897.002586221090         5547.428937258678      1047349.573648961959
 30           33.428636265578      1052886.287230347982         5574.843411075604      1047311.443819271983
 31           30.020656257467      1052877.250648360001         5599.159142153996      1047278.091506205965
 32           24.646434911837      1052870.436919907108         5618.425323343608      1047252.011596563039
 33           23.756188685770      1052864.579926291946         5635.833364406671      1047228.746561884996
 34           18.836898799868      1052860.645114409039         5648.091199284612      1047212.553915124037
 35           17.165030981275      1052857.368749126093         5658.753567456038      1047198.615181669942
 36           15.662435566389      1052855.420243287925         5665.348109834713      1047190.072133452981
 37           13.291553125118      1052853.549314866075         5671.916961808284      1047181.632353057968
 38           11.583808920022      1052852.357559335884         5676.253474412712      1047176.104084923049
 39           10.222151787758      1052851.193439004943         5680.642988180536      1047170.550450825016
 40            8.929665255198      1052850.352912106086         5683.932908500110      1047166.420003606007
 41            7.245633032885      1052849.695863208966         5686.596850200406      1047163.099013008992
 42            6.103830716685      1052849.166057918919         5688.823343876638      1047160.342714042985
 43            5.666914112001      1052848.774600896984         5690.529256847589      1047158.245344048948
 44            4.764226641430      1052848.505609187996         5691.741437716362      1047156.764171471004
 45            4.143227577863      1052848.313312415034         5692.634483385811      1047155.678829028970
 46            3.732216606730      1052848.156601289986         5693.384265439287      1047154.772335850983
 47            3.193422327066      1052848.036650768947         5693.975711616598      1047154.060939152958
 48            2.585074404618      1052847.948190941941         5694.424665799456      1047153.523525143042

loop2: max_iter=50, norm_reduction(target=0.001, final=0.00315742)
  i                   resNorm                         J                        Jb                      JoJc
  0           51.415623649587      1052963.350714958971         5694.424665799456      1047268.926049159956
  1           47.113186378361      1052935.056597314076         5695.392077447600      1047239.664519867045
  2           48.586739372531      1052928.008888300974         5696.177070432074      1047231.831817868981
  3           39.025466153574      1052917.714361235034         5697.289511068052      1047220.424850167008
  4           42.549652041514      1052908.572544354945         5699.039387587131      1047209.533156767953
  5           40.628358538479      1052903.861174803926         5699.625955238803      1047204.235219564987
  6           33.997846480602      1052898.726638776949         5701.027687972359      1047197.698950805003
  7           30.917624569876      1052892.661014833022         5702.515319416840      1047190.145695416024
  8           28.018109885687      1052889.335297012003         5703.233718301990      1047186.101578710019
  9           25.370067362182      1052886.542212995002         5704.349958837636      1047182.192254157038
 10           26.309999781504      1052883.275710137095         5705.579654068442      1047177.696056068991
 11           21.027318306665      1052880.689718537033         5706.720573191152      1047173.969145345036
 12           18.944215463147      1052878.805462164106         5707.223133514684      1047171.582328649005
 13           18.226598094543      1052877.224781251978         5707.716065519220      1047169.508715732954
 14           14.210621692913      1052875.707907909993         5708.355355175790      1047167.352552733966
 15           14.129412695339      1052874.663063884014         5708.713119380353      1047165.949944503955
 16           12.289744888429      1052873.894105901010         5708.972433510524      1047164.921672391007
 17            9.988800797938      1052873.008314494044         5709.355979529573      1047163.652334964019
 18            8.872852801230      1052872.127112529008         5709.642698571633      1047162.484413956990
 19            7.844516977865      1052871.562443647068         5709.959809716939      1047161.602633930044
 20            7.580339934143      1052871.131956696045         5710.166898600871      1047160.965058095055
 21            6.780003146114      1052870.784582254011         5710.376812437982      1047160.407769815996
 22            6.121953603254      1052870.465084616095         5710.505854028882      1047159.959230587003
 23            5.573823196467      1052870.263211853104         5710.671448267062      1047159.591763586039
 24            5.235843586007      1052870.094649256906         5710.683823127543      1047159.410826129955
 25            4.784203945910      1052869.959580942988         5710.749624613610      1047159.209956330014
 26            3.904107377938      1052869.815647640033         5710.713648240962      1047159.101999399019
 27            3.810572626381      1052869.700971755898         5710.701322601359      1047158.999649154022
 28            3.311804818480      1052869.616821350064         5710.694123194393      1047158.922698155046
 29            3.029451534755      1052869.543671170948         5710.667599658915      1047158.876071512001
 30            2.642242616077      1052869.485078935977         5710.601371000917      1047158.883707934991
 31            2.527652703573      1052869.430000927998         5710.495025449678      1047158.934975477983
 32            2.094782827413      1052869.389544270933         5710.417974022313      1047158.971570248948
 33            1.949784161640      1052869.358339600032         5710.343328624163      1047159.015010976000
 34            1.564608324864      1052869.330801526085         5710.269870676668      1047159.060930849984
 35            1.347314269279      1052869.309042189037         5710.186120940167      1047159.122921249014
 36            1.227708971601      1052869.294508104911         5710.114751270504      1047159.179756834055
 37            1.092710417149      1052869.284340797924         5710.047480625198      1047159.236860173056
 38            0.931825105625      1052869.275350932963         5710.004160563077      1047159.271190369967
 39            0.819201320066      1052869.269321477972         5709.986239713816      1047159.283081765054
 40            0.657426424436      1052869.264076153981         5709.992433249481      1047159.271642904030
 41            0.570964843421      1052869.260012086015         5710.014185188110      1047159.245826896979
 42            0.461614412550      1052869.256869072095         5710.044807245258      1047159.212061826955
 43            0.423396612570      1052869.254719065037         5710.073292673971      1047159.181426391006
 44            0.354750772945      1052869.253086351091         5710.091017163105      1047159.162069187965
 45            0.328516119383      1052869.251905794954         5710.110304045226      1047159.141601750045
 46            0.294341679823      1052869.251050984953         5710.130416872476      1047159.120634112973
 47            0.226307701917      1052869.250382443890         5710.155851252853      1047159.094531191047
 48            0.203120685886      1052869.249823733000         5710.182964604002      1047159.066859129001
 49            0.158906655348      1052869.249410141958         5710.209430177753      1047159.039979964029
 50            0.162340950557      1052869.249121654080         5710.228786912850      1047159.020334740984

