loop1: max_iter=50, norm_reduction(target=0.001, final=0.000961807)
  i                   resNorm                         J                        Jb                      JoJc
  0          921.015721465281      1520723.676749160979            0.000000000000      1520723.676749160979
  1          873.088249980730      1516740.655208805110           37.404273059863      1516703.250935744960
  2          627.256188108507      1514448.569263176993          106.624673591810      1514341.944589585066
  3          591.238140548715      1512851.407086359104          198.769007305107      1512652.638079053955
  4          551.108443000650      1511313.005469817901          349.613624081400      1510963.391845736885
  5          404.566662343408      1510095.256424080115          531.765245659247      1509563.491178421071
  6          329.136248424033      1508664.126073376974          855.667986475766      1507808.458086901112
  7          305.345776384784      1507762.217929441016         1147.596278124940      1506614.621651316062
  8          265.327151373704      1507049.536658198107         1450.217992617144      1505599.318665581057
  9          211.138598565083      1506412.272181740962         1796.446510757705      1504615.825670982944
 10          222.623257674879      1506061.812550516101         2027.987115127275      1504033.825435389066
 11          173.151896115491      1505756.252694159979         2263.253551547040      1503492.999142613029
 12          138.033145810632      1505479.925791108049         2511.355347169003      1502968.570443938021
 13          109.684562860918      1505230.479905026034         2775.275963488827      1502455.203941537999
 14          103.181067058921      1505060.294889088022         2985.846894662084      1502074.447994425893
 15           80.157358211860      1504958.557662734995         3128.224343863558      1501830.333318870980
 16           75.200845243306      1504876.501419150969         3255.921600132158      1501620.579819018953
 17           66.489339870325      1504820.770101524889         3351.622493085131      1501469.147608439904
 18           51.166486990705      1504778.053751388099         3431.598268038008      1501346.455483349971
 19           44.420187328832      1504744.856772311963         3499.208178035748      1501245.648594276980
 20           35.240936150376      1504718.609944145894         3557.410517314293      1501161.199426831910
 21           31.037113687792      1504701.690445198910         3598.026203496429      1501103.664241702994
 22           26.980258688007      1504689.435718348017         3629.621762686244      1501059.813955662074
 23           23.072208824215      1504681.028626335086         3652.758659144322      1501028.269967189990
 24           17.525837373641      1504674.753691935912         3671.100884214791      1501003.652807720937
 25           16.071759943116      1504670.288014031015         3684.946237160763      1500985.341776869958
 26           12.682783154931      1504667.034450755920         3695.625643380345      1500971.408807375003
 27           10.381778311056      1504664.869980199961         3703.117489807405      1500961.752490392886
 28            8.384662808030      1504663.208036185009         3709.178676859377      1500954.029359325068
 29            7.169803971801      1504662.112450889079         3713.386852697437      1500948.725598192075
 30            6.145361068246      1504661.396265947027         3716.271223093217      1500945.125042854110
 31            4.986894144021      1504660.887171030976         3718.414127960230      1500942.473043071106
 32            4.039924678947      1504660.521242826013         3720.022607101331      1500940.498635724885
 33            3.391024181971      1504660.265595525969         3721.195622491619      1500939.069973035017
 34            2.997581275915      1504660.103057991015         3721.971993258117      1500938.131064733025
 35            2.452398620382      1504659.997098759981         3722.496438259317      1500937.500660500024
 36            1.956411132997      1504659.909903741907         3722.943655223444      1500936.966248519020
 37            1.561966016038      1504659.844413577113         3723.292903684465      1500936.551509892102
 38            1.319576623502      1504659.806937420042         3723.500214155725      1500936.306723264046
 39            1.150798944033      1504659.779226277024         3723.658820882370      1500936.120405393885
 40            0.885839222666      1504659.761048339074         3723.766367519204      1500935.994680820033

loop2: max_iter=50, norm_reduction(target=0.001, final=0.000843011)
  i                   resNorm                         J                        Jb                      JoJc
  0           41.539004826873      1504651.220352042001         3723.766367519204      1500927.453984522028
  1           49.683784972156      1504642.193750144914         3724.557838543881      1500917.635911600897
  2           44.857185613892      1504632.998178231996         3725.617560481907      1500907.380617750110
  3           24.405510881670      1504626.325071508065         3726.827822386851      1500899.497249122011
  4           27.616630045504      1504622.511297750054         3728.381572801781      1500894.129724947968
  5           21.166555760510      1504619.660596770933         3729.693731918681      1500889.966864852002
  6           15.181781687946      1504617.095639439998         3730.884869875168      1500886.210769563913
  7           12.740954126156      1504614.147609591018         3732.168747817833      1500881.978861772921
  8           10.406038425121      1504612.102731772000         3733.426636947309      1500878.676094824914
  9           11.590635973426      1504611.078896797029         3734.239961245119      1500876.838935551932
 10            9.562835434881      1504610.320364234969         3734.952636641338      1500875.367727593984
 11            8.365655488656      1504609.378406831995         3735.993807188160      1500873.384599643992
 12            6.875192119160      1504608.686178853968         3736.529950698459      1500872.156228154898
 13            6.382019810633      1504608.086460879073         3736.998212306210      1500871.088248572079
 14            6.491428390734      1504607.722416759003         3737.388763320770      1500870.333653437905
 15            4.808492847739      1504607.423673355021         3737.649711447530      1500869.773961907951
 16            4.116669149607      1504607.081612346927         3737.867414117716      1500869.214198228903
 17            3.474306593041      1504606.881739866920         3738.036392061331      1500868.845347806113
 18            2.983276029529      1504606.737974965945         3738.085156120064      1500868.652818846051
 19            2.564779161991      1504606.616053195903         3738.041778913602      1500868.574274282902
 20            2.292863111111      1504606.539259843994         3737.922518410241      1500868.616741433972
 21            1.723606908608      1504606.474536644993         3737.714020588185      1500868.760516057024
 22            1.473148700947      1504606.428586673923         3737.537538847531      1500868.891047826037
 23            1.302177542021      1504606.398500846932         3737.400017507042      1500868.998483340023
 24            1.030802326836      1504606.376794547075         3737.261441168175      1500869.115353378933
 25            0.830851922821      1504606.361032213084         3737.120943611227      1500869.240088600898
 26            0.786239860608      1504606.352113503031         3737.074241133859      1500869.277872368926
 27            0.612468996633      1504606.345412587048         3737.039473309154      1500869.305939276936
 28            0.511458523510      1504606.340056763031         3737.022379625307      1500869.317677136976
 29            0.406353126304      1504606.336450906005         3737.017718121657      1500869.318732785061
 30            0.362471933285      1504606.333693295950         3737.000726315758      1500869.332966980059
 31            0.290464020247      1504606.332059266977         3737.003690279254      1500869.328368986957
 32            0.258312099342      1504606.330870324979         3737.008073519594      1500869.322796805063
 33            0.205320115195      1504606.329914536094         3737.008616020737      1500869.321298514958
 34            0.172067744868      1504606.329318887088         3737.010390876435      1500869.318928010995
 35            0.144934835412      1504606.328906502109         3737.012373300874      1500869.316533200908
 36            0.117305110886      1504606.328610884957         3737.018868808131      1500869.309742077021
 37            0.098156083438      1504606.328408360016         3737.024863072420      1500869.303545287112
 38            0.084819982319      1504606.328277663095         3737.029156554253      1500869.299121107906
 39            0.069388007993      1504606.328186831903         3737.031281225580      1500869.296905606985
 40            0.056618093835      1504606.328115175944         3737.037302935175      1500869.290812239982
 41            0.044876319781      1504606.328067698982         3737.042387884998      1500869.285679813009
 42            0.035017852692      1504606.328032084974         3737.048147789058      1500869.279884296004

