loop1: max_iter=50, norm_reduction(target=0.001, final=0.000847962)
  i                   resNorm                         J                        Jb                      JoJc
  0         1731.589782743730      1375520.415960696060            0.000000000000      1375520.415960696060
  1         1338.547786420839      1371081.263615794946           13.144378781966      1371068.119237012928
  2          626.914171069348      1368214.463244556915           44.777547224678      1368169.685697332956
  3          613.288179769477      1367125.757901899051           70.501743321879      1367055.256158577045
  4          571.097971524353      1366148.913874991937          112.522742758820      1366036.391132232966
  5          406.093617326535      1365327.558496403974          169.995306397125      1365157.563190006884
  6          393.114237720696      1364445.774442974944          268.641379377289      1364177.133063596906
  7          338.528041056722      1363841.028471570928          368.400993642494      1363472.627477928996
  8          352.242735745923      1363489.730097542983          443.078485768816      1363046.651611773996
  9          269.176511883521      1362955.039987249998          590.172016763764      1362364.867970485939
 10          266.487559232823      1362621.736766162096          707.195864660455      1361914.540901501896
 11          182.601792383994      1362251.162701931084          868.447697845213      1361382.715004086029
 12          155.484613849735      1361975.152675345074         1016.807491046055      1360958.345184298931
 13          167.893038660953      1361789.112992796116         1136.235332753839      1360652.877660041908
 14          162.461873162049      1361695.914220659994         1203.848599819173      1360492.065620840993
 15          116.345807420784      1361553.666157617001         1320.180367879459      1360233.485789736966
 16          113.670067981118      1361434.896655102028         1432.482868619886      1360002.413786482997
 17          100.194853625813      1361352.778432202060         1520.575191622215      1359832.203240579925
 18           85.843458146284      1361284.052544197068         1602.754796352737      1359681.297747843899
 19           68.508401789540      1361240.667437073076         1659.637717831657      1359581.029719240963
 20           71.586941838674      1361192.663948612986         1728.801701322917      1359463.862247290090
 21           58.551189815563      1361162.491065347102         1776.455154339179      1359386.035911008017
 22           54.187021518659      1361140.050404632930         1814.565742443962      1359325.484662188916
 23           44.232028064490      1361123.248206039891         1845.004057001096      1359278.244149039034
 24           36.295536004650      1361108.049242700916         1874.367674028663      1359233.681568671949
 25           30.243612763514      1361095.069137945073         1901.272612374044      1359193.796525571030
 26           28.642763645304      1361083.981320661958         1926.076311981256      1359157.905008680886
 27           21.797591384702      1361077.190555833047         1942.351495381264      1359134.839060452068
 28           22.644026307442      1361072.922593139112         1953.149844193862      1359119.772748945048
 29           17.171920258692      1361068.842617214890         1964.036481247255      1359104.806135968072
 30           15.972782039138      1361065.921692586038         1972.267628095162      1359093.654064490926
 31           13.144030693784      1361063.600765702082         1979.158418011842      1359084.442347689997
 32           11.573740858828      1361061.974495832110         1984.230342345401      1359077.744153486099
 33           10.113059040345      1361060.763067438966         1988.184225030469      1359072.578842408024
 34            8.683264797321      1361059.760786046041         1991.607549560614      1359068.153236486018
 35            7.433199758990      1361059.049556565005         1994.146758492228      1359064.902798072901
 36            6.647551769894      1361058.478313477011         1996.275484962158      1359062.202828513924
 37            5.136058680995      1361058.123726841062         1997.649138779436      1359060.474588061916
 38            4.382407772575      1361057.786844037939         1999.006424398312      1359058.780419640010
 39            3.724226768757      1361057.594242499908         1999.813094463056      1359057.781148036942
 40            3.123715586873      1361057.416967476951         2000.584179739733      1359056.832787737017
 41            2.832647912074      1361057.313661210937         2001.050536315658      1359056.263124895049
 42            2.582616693651      1361057.241632685065         2001.386035327631      1359055.855597357033
 43            1.948483849160      1361057.176808567951         2001.697803341246      1359055.479005225934
 44            1.778719750393      1361057.126771362033         2001.947046409819      1359055.179724951973
 45            1.468322282754      1361057.094687334960         2002.112234782315      1359054.982452552067

loop2: max_iter=50, norm_reduction(target=0.001, final=0.00150492)
  i                   resNorm                         J                        Jb                      JoJc
  0           40.165291796546      1361061.349715627031         2002.112234782315      1359059.237480845070
  1           34.790028319679      1361058.692915757885         2002.347243123669      1359056.345672633965
  2           40.246535562729      1361053.169137948891         2003.033650676490      1359050.135487273103
  3           53.261896315620      1361047.332471238915         2004.103481060312      1359043.228990179021
  4           42.981390275324      1361042.181591250002         2005.201113763380      1359036.980477486970
  5           33.269172902240      1361036.494996788912         2006.997431463876      1359029.497565324884
  6           26.208685291379      1361032.282404252095         2008.493280164312      1359023.789124086965
  7           36.252778915045      1361027.549269232899         2010.803018811819      1359016.746250421973
  8           26.148375465303      1361024.501340253977         2012.553524272994      1359011.947815980995
  9           22.633811810402      1361020.570350657916         2014.869296754520      1359005.701053902972
 10           21.159063195832      1361018.871101851109         2015.937349795981      1359002.933752055047
 11           21.490984788464      1361016.426689568907         2017.699671184230      1358998.727018384961
 12           15.852753552617      1361014.349702307954         2019.394418160267      1358994.955284147989
 13           13.135883251676      1361012.106125942897         2021.642365653515      1358990.463760290062
 14           11.584512930000      1361010.768553216010         2023.197661292960      1358987.570891923970
 15           12.135437711630      1361009.857848030981         2024.114682624925      1358985.743165405933
 16            9.209251899670      1361009.330512044020         2024.652896404539      1358984.677615639986
 17            8.387114000873      1361008.411490151891         2025.891644168760      1358982.519845983945
 18            7.785084320718      1361007.899208803894         2026.355612808242      1358981.543595995987
 19            7.313678564357      1361007.345447425032         2027.061400085061      1358980.284047340043
 20            6.583338979689      1361007.029252381995         2027.288437337910      1358979.740815043915
 21            4.959912991151      1361006.806933807908         2027.416845629846      1358979.390088177985
 22            4.270573866021      1361006.541480050888         2027.525895315320      1358979.015584735898
 23            4.312895758660      1361006.402336393017         2027.582264229321      1358978.820072162896
 24            3.555981505928      1361006.247776329983         2027.515918913046      1358978.731857416919
 25            3.173586908494      1361006.110948364018         2027.427861742304      1358978.683086622041
 26            2.765665360718      1361006.031678660074         2027.425060477382      1358978.606618182966
 27            2.304059981661      1361005.974327516975         2027.425258113546      1358978.549069402972
 28            1.976290005071      1361005.923281833064         2027.337439765494      1358978.585842068074
 29            1.848877091620      1361005.883868541103         2027.221079283201      1358978.662789257942
 30            1.734144709910      1361005.856771870982         2027.167740296963      1358978.689031573944
 31            1.250786794654      1361005.826813393040         2027.025036652206      1358978.801776740002
 32            1.071777063403      1361005.807989045046         2026.978425240271      1358978.829563804902
 33            0.958587244838      1361005.796872043982         2026.939531177827      1358978.857340866001
 34            0.894372567607      1361005.787379391957         2026.905536262991      1358978.881843128940
 35            0.791283063150      1361005.780737075955         2026.844521378511      1358978.936215698021
 36            0.615913556989      1361005.774795356905         2026.830892298121      1358978.943903059000
 37            0.530339440010      1361005.770698159002         2026.791014788459      1358978.979683371028
 38            0.481402079959      1361005.768012175104         2026.757800715626      1358979.010211458895
 39            0.374459404357      1361005.765974358888         2026.742882543614      1358979.023091814946
 40            0.327362510810      1361005.764461519895         2026.735196443908      1358979.029265075922
 41            0.289606542574      1361005.763339038938         2026.732901090611      1358979.030437947949
 42            0.213256500313      1361005.762337527005         2026.729875620123      1358979.032461907016
 43            0.196649707799      1361005.761660994031         2026.737889658832      1358979.023771334905
 44            0.170745464325      1361005.761282365071         2026.745184496728      1358979.016097868094
 45            0.146412686458      1361005.760930478107         2026.751402523122      1358979.009527954971
 46            0.135036809341      1361005.760720458115         2026.758474187736      1358979.002246269956
 47            0.107254003420      1361005.760567429941         2026.762747524524      1358978.997819906101
 48            0.077086586132      1361005.760420629987         2026.767041506320      1358978.993379123975
 49            0.066748951208      1361005.760327992961         2026.768564941402      1358978.991763052065
 50            0.060445528594      1361005.760271712905         2026.768447607602      1358978.991824106080

