loop1: max_iter=50, norm_reduction(target=0.001, final=0.000848224)
  i                   resNorm                         J                        Jb                      JoJc
  0          757.265448507502      1666763.973365189042            0.000000000000      1666763.973365189042
  1          611.119535291457      1662988.785299977055           49.706237966944      1662939.079062009929
  2          498.246632378185      1660452.327528178925          173.390799313779      1660278.936728866072
  3          471.098083084723      1658361.905867940979          396.060294486264      1657965.845573455095
  4          339.017785745617      1657007.322518371977          635.745928177617      1656371.576590195065
  5          287.617351992802      1655617.931642522104         1013.966853901994      1654603.964788619895
  6          250.500808629016      1654705.978709811112         1373.226724465877      1653332.751985345036
  7          220.457751728200      1654023.865643487079         1730.154960885173      1652293.710682601901
  8          173.160168924880      1653555.965166701935         2037.467308584080      1651518.497858118033
  9          150.884757442737      1653188.041548212059         2331.355337083374      1650856.686211128952
 10          133.322218365260      1652935.166797694983         2571.492117488264      1650363.674680206925
 11          106.101385189839      1652710.497510598972         2822.180913940493      1649888.316596657969
 12           91.779697252929      1652563.375451843021         3012.481163092461      1649550.894288751064
 13           70.291567500681      1652451.061097305967         3177.806233642843      1649273.254863663111
 14           56.303969412630      1652365.235496324021         3321.111833295819      1649044.123663028004
 15           56.567373753014      1652312.685915831011         3419.523142577456      1648893.162773254095
 16           42.967949969841      1652283.862421127036         3478.379770319209      1648805.482650808059
 17           34.143285901081      1652256.730151846074         3538.350707225827      1648718.379444620106
 18           29.476135757218      1652238.023659596918         3583.356688031530      1648654.666971564991
 19           24.788092629232      1652226.163142699050         3614.130773979588      1648612.032368719112
 20           20.257824059390      1652218.140603414970         3636.365851521631      1648581.774751893012
 21           17.042513632997      1652211.936150125926         3654.706350495804      1648557.229799629888
 22           13.979370927900      1652207.708544638939         3668.019283776332      1648539.689260863001
 23           11.517887909427      1652204.675659694942         3678.161749113290      1648526.513910582056
 24            9.472461101635      1652202.668102551950         3685.268344642494      1648517.399757908890
 25            7.178878976794      1652201.160497687059         3690.909701028223      1648510.250796658918
 26            6.473097239008      1652200.250333765056         3694.502097911179      1648505.748235852923
 27            4.967144485516      1652199.588344823103         3697.249318812113      1648502.339026011061
 28            4.004853719502      1652199.176207246957         3699.042823879471      1648500.133383366978
 29            3.477678105646      1652198.884297014913         3700.372631764229      1648498.511665249942
 30            2.758332974719      1652198.702292335918         3701.238505804634      1648497.463786531007
 31            2.384531745844      1652198.577050131978         3701.858772098552      1648496.718278033892
 32            1.890741049790      1652198.496198239038         3702.274669252042      1648496.221528986935
 33            1.507892951084      1652198.435404350050         3702.599295030156      1648495.836109319003
 34            1.276326649170      1652198.395410965895         3702.821117839568      1648495.574293127051
 35            0.999165963130      1652198.368439476937         3702.976270630840      1648495.392168845981
 36            0.840618802998      1652198.351571620908         3703.076689397999      1648495.274882222991
 37            0.642330715069      1652198.338579772040         3703.156765909317      1648495.181813861942

loop2: max_iter=50, norm_reduction(target=0.001, final=0.00090017)
  i                   resNorm                         J                        Jb                      JoJc
  0           39.331149878022      1652124.082815873902         3703.156765909317      1648420.926049964968
  1           32.445745550660      1652110.955496121896         3705.013487486534      1648405.942008635029
  2           27.664107224525      1652102.080070127966         3706.016442341751      1648396.063627786003
  3           18.848147856017      1652095.912606190890         3707.256749826327      1648388.655856365105
  4           19.209054951749      1652092.229891340015         3708.171064844340      1648384.058826494962
  5           16.483407101738      1652090.084297773894         3708.956053204739      1648381.128244569059
  6           11.964886082208      1652087.607168084010         3709.923346821017      1648377.683821263025
  7           11.448651786175      1652085.703029480064         3710.651189781488      1648375.051839699037
  8            9.337101657232      1652084.544347332092         3711.283154455865      1648373.261192875914
  9            8.410544191710      1652083.331266215071         3712.103741855455      1648371.227524359943
 10            7.922629773762      1652082.613968567923         3712.419271084203      1648370.194697483908
 11            5.708486843965      1652081.845322859939         3712.822369341400      1648369.022953517968
 12            5.157993988902      1652081.291121687973         3713.252581422581      1648368.038540265989
 13            4.008303747549      1652080.928055346012         3713.413389798206      1648367.514665547991
 14            3.446709538099      1652080.671572665917         3713.304313484402      1648367.367259182036
 15            2.776242780700      1652080.462362570921         3713.303332810487      1648367.159029759932
 16            2.354682759351      1652080.327937992988         3713.268982617923      1648367.058955375105
 17            2.022090902084      1652080.236842321930         3713.195505885566      1648367.041336436989
 18            1.839291499735      1652080.184722095961         3713.118758347216      1648367.065963749075
 19            1.359132689012      1652080.141770124901         3713.060959048034      1648367.080811077030
 20            1.388378006123      1652080.115595658077         3713.021033682228      1648367.094561974984
 21            1.046265284996      1652080.094107742887         3712.983111647407      1648367.110996094998
 22            0.895448314125      1652080.079543958884         3712.988538212683      1648367.091005746042
 23            0.750145466700      1652080.068477425957         3713.014015004021      1648367.054462421918
 24            0.584921006950      1652080.060057661962         3713.040040541406      1648367.020017120987
 25            0.482269269567      1652080.054245718988         3713.074011980331      1648366.980233737966
 26            0.393908538250      1652080.050343086943         3713.085124668486      1648366.965218418976
 27            0.323473402608      1652080.047837770078         3713.082921250884      1648366.964916518889
 28            0.237400583186      1652080.046258542920         3713.076781913003      1648366.969476629980
 29            0.212474293970      1652080.045099501032         3713.069949545403      1648366.975149956066
 30            0.170146693876      1652080.044342716923         3713.068490306902      1648366.975852411008
 31            0.142865648685      1652080.043907054001         3713.061162673864      1648366.982744379900
 32            0.118172794433      1652080.043561917031         3713.059779676282      1648366.983782240888
 33            0.098468648053      1652080.043345706072         3713.058341778337      1648366.985003927955
 34            0.082213326750      1652080.043191822944         3713.059749166252      1648366.983442656929
 35            0.063783945117      1652080.043076053960         3713.061956277352      1648366.981119777076
 36            0.051254768872      1652080.043000883888         3713.065537620893      1648366.977463263087
 37            0.041340725488      1652080.042956518009         3713.068146848744      1648366.974809668958
 38            0.035404704057      1652080.042923734989         3713.072260587396      1648366.970663147978

