loop1: max_iter=50, norm_reduction(target=0.001, final=0.000894661)
  i                   resNorm                         J                        Jb                      JoJc
  0         1239.463629991466      1801085.157110224944            0.000000000000      1801085.157110224944
  1         1303.422850673418      1796569.797291106079           26.542825285572      1796543.254465820966
  2          766.527039166361      1792513.941058418946          115.007013355566      1792398.934045063099
  3          666.395991059426      1789034.047818450024          297.138882316439      1788736.908936132910
  4          610.358078757020      1787077.730859596981          479.330611636529      1786598.400247959886
  5          573.847745508511      1784925.069076996995          796.557917264482      1784128.511159732938
  6          507.399404234262      1783990.103855282068          985.130913441877      1783004.972941840068
  7          394.955450551751      1782601.875882053981         1350.493595634370      1781251.382286420092
  8          327.794558816082      1781441.917357272003         1760.512746774759      1779681.404610496946
  9          291.980356010468      1780575.721993844025         2155.105024644805      1778420.616969198920
 10          220.457896996153      1779798.604939477053         2601.226041951929      1777197.378897524904
 11          195.134129726880      1779243.068779943977         2995.395925044607      1776247.672854898963
 12          162.365840178493      1778831.588994453894         3346.240711023089      1775485.348283431027
 13          135.963363329485      1778462.785212917021         3722.288427689752      1774740.496785226976
 14          109.066981117637      1778250.589351963019         3974.842158316578      1774275.747193645919
 15           96.204331801020      1778087.757040322060         4195.221334971286      1773892.535705350107
 16           91.129140756523      1777993.863233688986         4336.987517062586      1773656.875716625946
 17           70.268899122342      1777907.274251728086         4481.195435009507      1773426.078816718888
 18           70.959090535714      1777856.139392757090         4574.368968543849      1773281.770424213028
 19           53.844649108690      1777813.396879106062         4658.563124000813      1773154.833755105967
 20           51.588466848325      1777782.055908503942         4725.131135938298      1773056.924772565952
 21           39.144704726939      1777757.864369909978         4780.284413727304      1772977.579956182046
 22           31.976178987182      1777738.280119454022         4828.204198428110      1772910.075921026058
 23           28.540126024288      1777723.754809705075         4866.405598451869      1772857.349211252993
 24           20.726545977521      1777713.510398726910         4895.253350825444      1772818.257047902094
 25           19.245373347650      1777706.469914678019         4916.398630905052      1772790.071283773053
 26           15.497164491574      1777701.509458896006         4932.239448411397      1772769.270010485081
 27           13.096056976234      1777698.476350933081         4942.462779613694      1772756.013571318937
 28           10.964231048588      1777696.079275904922         4950.965067314217      1772745.114208590006
 29            9.181390804546      1777694.389027103083         4957.277193232860      1772737.111833869945
 30            7.981232650036      1777693.406515314011         4961.115305921399      1772732.291209392948
 31            6.284076670851      1777692.559256354114         4964.570623483713      1772727.988632869907
 32            5.087363471687      1777691.967811654089         4967.094627732502      1772724.873183921911
 33            4.079518627878      1777691.539153906051         4969.008709196084      1772722.530444710050
 34            3.412614377630      1777691.245607683901         4970.380432638832      1772720.865175045095
 35            2.924714690873      1777691.072188961087         4971.225032075294      1772719.847156886011
 36            2.432907975789      1777690.959189666901         4971.795529162864      1772719.163660503924
 37            1.970473689457      1777690.859618386952         4972.317761597470      1772718.541856789030
 38            1.682737815298      1777690.814212352037         4972.564225764080      1772718.249986588024
 39            1.330250078901      1777690.771255607018         4972.804837740854      1772717.966417866061
 40            1.108899303235      1777690.741837263107         4972.975543226572      1772717.766294036992

loop2: max_iter=50, norm_reduction(target=0.001, final=0.000955253)
  i                   resNorm                         J                        Jb                      JoJc
  0           53.071577077407      1777774.375897591934         4972.975543226572      1772801.400354366051
  1           34.469909921720      1777743.003490343923         4975.736769568368      1772767.266720775981
  2           33.908096876477      1777736.940535479924         4976.956492578501      1772759.984042902011
  3           24.654769717359      1777734.712318242993         4977.463866608948      1772757.248451634077
  4           31.001214537774      1777730.789978285087         4978.879784616531      1772751.910193667980
  5           18.269441002594      1777728.822745820973         4979.646922391322      1772749.175823430065
  6           14.571917772676      1777725.232136249077         4981.507584829435      1772743.724551419960
  7           17.856541610618      1777723.786910634954         4982.576823649149      1772741.210086985957
  8           12.465670818113      1777722.208265255904         4983.903827032270      1772738.304438224062
  9           11.798941534616      1777721.286473813001         4984.733167833035      1772736.553305980982
 10            9.853022604728      1777719.991890698904         4985.672873315521      1772734.319017383968
 11            7.711896196253      1777718.776720954105         4986.790493663556      1772731.986227290938
 12            7.619340550527      1777718.046430670889         4987.394314620746      1772730.652116050012
 13            6.181744764989      1777717.376850950066         4987.917796211268      1772729.459054738982
 14            5.951569429864      1777716.917131558061         4988.246341741241      1772728.670789815951
 15            5.401872175917      1777716.635937792016         4988.315074186233      1772728.320863605943
 16            4.505140466741      1777716.301994659938         4988.493521441837      1772727.808473218000
 17            3.783692738272      1777716.072907727910         4988.404892784341      1772727.668014944065
 18            3.301422274419      1777715.879339220934         4988.257524312009      1772727.621814908925
 19            3.193334591607      1777715.765899311984         4988.246590451728      1772727.519308861112
 20            2.634954712868      1777715.683156565065         4988.229100289120      1772727.454056276008
 21            2.386742241292      1777715.603387912968         4988.256360745325      1772727.347027166979
 22            1.861538309795      1777715.549446969060         4988.196781615638      1772727.352665353101
 23            1.585533457048      1777715.510418093996         4988.221099548176      1772727.289318545954
 24            1.402207463362      1777715.482371208025         4988.170065439546      1772727.312305768020
 25            1.105466686038      1777715.457582974108         4988.109942154687      1772727.347640818916
 26            0.919471735059      1777715.442351707956         4988.068527422382      1772727.373824286042
 27            0.766059936629      1777715.430380553938         4988.065253799711      1772727.365126755089
 28            0.595485528689      1777715.422585336957         4988.049233706875      1772727.373351630988
 29            0.495277824065      1777715.417186104925         4988.039397177452      1772727.377788926940
 30            0.381647565298      1777715.412889525993         4988.025834135968      1772727.387055390980
 31            0.325781646344      1777715.410611626925         4988.019610628867      1772727.391000997974
 32            0.281078019309      1777715.408913325053         4988.020955837438      1772727.387957487023
 33            0.229753644827      1777715.407850515097         4988.017628682655      1772727.390221833019
 34            0.201514810540      1777715.407133138971         4988.021627421834      1772727.385505717015
 35            0.171681246568      1777715.406637065113         4988.019761853102      1772727.386875211960
 36            0.136491983223      1777715.406276324997         4988.022825970961      1772727.383450353984
 37            0.106339852797      1777715.406015167013         4988.027570546939      1772727.378444619942
 38            0.087731764678      1777715.405821231892         4988.038704958984      1772727.367116272915
 39            0.072278764319      1777715.405694813002         4988.045163206571      1772727.360531606013
 40            0.062480218227      1777715.405613576993         4988.053536069060      1772727.352077508112
 41            0.050696786651      1777715.405565971974         4988.060804928837      1772727.344761043089

