loop1: max_iter=50, norm_reduction(target=0.001, final=0.000953452)
  i                   resNorm                         J                        Jb                      JoJc
  0         1303.414348811217      2251477.174228287768            0.000000000000      2251477.174228287768
  1          910.602356651012      2247328.103899130132           20.265932564312      2247307.837966565974
  2          663.502085179601      2244055.406733165961           90.679027505320      2243964.727705661207
  3          639.247327558768      2241397.762354922015          236.515461686296      2241161.246893235948
  4          629.276384604148      2239440.679582268000          436.100681886293      2239004.578900381923
  5          439.975527858391      2238142.975433214102          631.968231041714      2237511.007202172186
  6          583.788070045217      2237022.015778638888          863.152749631058      2236158.863029007800
  7          326.233165478338      2235554.067021070980         1286.510161676329      2234267.556859395001
  8          321.798429094172      2234640.025859497953         1640.450324355815      2232999.575535141863
  9          281.789185492239      2233900.740139123052         2002.142071165540      2231898.598067956977
 10          294.810392448015      2233373.403082815930         2315.490449898293      2231057.912632917985
 11          228.435183088261      2232966.018384345807         2598.534993729307      2230367.483390617184
 12          191.016519081532      2232572.933649693150         2915.507557442945      2229657.426092249807
 13          163.588374345748      2232303.013854263816         3165.594859730211      2229137.418994533829
 14          140.173583320726      2232067.694939459208         3413.171964461486      2228654.522974996828
 15          117.178822549563      2231852.599395330995         3672.127938916938      2228180.471456414089
 16          107.666740333421      2231723.433906659950         3847.414757594290      2227876.019149065018
 17           94.999603147461      2231621.895795409102         3999.541671018854      2227622.354124390054
 18           79.033970937365      2231547.186072113924         4122.038794489639      2227425.147277623881
 19           62.531307801197      2231478.894150768872         4244.588964786448      2227234.305185982957
 20           61.311248383551      2231433.524501008913         4333.505019253872      2227100.019481754862
 21           54.112840057409      2231405.360997765791         4392.770671914216      2227012.590325850993
 22           42.582252824767      2231380.019128084183         4449.647452224583      2226930.371675859205
 23           44.838397311101      2231364.299790684134         4487.121537090619      2226877.178253592923
 24           31.151964227743      2231348.564229037147         4526.899941067308      2226821.664287969004
 25           28.691402747554      2231337.592784047127         4556.369985078405      2226781.222798969131
 26           23.909485378266      2231330.037147397175         4577.802484394037      2226752.234663003124
 27           18.886199554838      2231324.066540752072         4595.636036744258      2226728.430504008196
 28           19.105343248300      2231319.571015020832         4609.791653171201      2226709.779361850116
 29           14.318390740256      2231316.624312762171         4619.527323914112      2226697.096988847945
 30           12.897152280739      2231314.046808775980         4628.451865623992      2226685.594943150878
 31           10.467172912754      2231312.390082816128         4634.459083295496      2226677.930999521166
 32            8.920507525876      2231310.938181027770         4639.969395575848      2226670.968785452191
 33            7.351368579703      2231309.967686840799         4643.827214408047      2226666.140472433064
 34            6.759398428175      2231309.366212334018         4646.315977847165      2226663.050234485883
 35            5.271066884823      2231308.893597932998         4648.345451514169      2226660.548146419227
 36            4.350265103828      2231308.517063185107         4650.026937490736      2226658.490125693846
 37            3.699442934625      2231308.258449556772         4651.228656771136      2226657.029792786110
 38            3.149927112502      2231308.071620178875         4652.130853237234      2226655.940766942222
 39            2.778778091652      2231307.944448371883         4652.767946518072      2226655.176501853857
 40            2.313003836144      2231307.869455588982         4653.155638888942      2226654.713816700969
 41            1.909577021888      2231307.802832522895         4653.510726843278      2226654.292105679866
 42            1.551181203122      2231307.754193317145         4653.778708796399      2226653.975484520197
 43            1.242742844775      2231307.719012932852         4653.979101223977      2226653.739911708981

loop2: max_iter=50, norm_reduction(target=0.001, final=0.00088551)
  i                   resNorm                         J                        Jb                      JoJc
  0           50.524537712581      2231292.153769978788         4653.979101223977      2226638.174668754917
  1           64.024723898561      2231279.962608717848         4655.023454795555      2226624.939153923187
  2           37.575858921045      2231263.500564856920         4656.382635112795      2226607.117929744069
  3           31.972438266524      2231256.860785855912         4657.557183388774      2226599.303602468222
  4           28.800746606420      2231252.671807567123         4658.657684951349      2226594.014122616034
  5           27.913471400899      2231249.069399965927         4659.876024374685      2226589.193375591189
  6           20.789336867070      2231246.231012261007         4660.996376348157      2226585.234635912813
  7           19.736947644300      2231243.213653706014         4662.226865243945      2226580.986788461916
  8           14.671470541044      2231240.618753600866         4663.727532161772      2226576.891221439000
  9           13.450146015256      2231237.855371639132         4665.569998491200      2226572.285373148043
 10           14.052860276432      2231236.402727613226         4666.745560522229      2226569.657167091034
 11           13.683253992489      2231234.904511640780         4667.830867882533      2226567.073643758893
 12           12.529559558804      2231234.129352878779         4668.402166630287      2226565.727186249103
 13           10.058766493459      2231233.132669155020         4669.378281929853      2226563.754387225024
 14            8.984733189496      2231232.353895228822         4670.190468855859      2226562.163426374085
 15            8.187950517604      2231231.701713842805         4670.994427156638      2226560.707286686171
 16            6.459299447114      2231231.053336854093         4671.595937873005      2226559.457398979925
 17            5.897600181780      2231230.642931274138         4671.925309132861      2226558.717622140888
 18            5.405441302818      2231230.342776303180         4672.168557509167      2226558.174218792934
 19            4.082912973666      2231230.096545007080         4672.435464221760      2226557.661080785096
 20            3.663752139629      2231229.913075898774         4672.523460085040      2226557.389615814202
 21            3.033147663672      2231229.779972365126         4672.532201273543      2226557.247771090828
 22            2.845344072754      2231229.667391196825         4672.472680081069      2226557.194711116143
 23            2.610731145814      2231229.604318066034         4672.388320677969      2226557.215997388121
 24            2.092813415594      2231229.540431769099         4672.312627397131      2226557.227804372087
 25            2.151100945189      2231229.503799344879         4672.280455495745      2226557.223343849182
 26            1.447496627973      2231229.468560006004         4672.323945138420      2226557.144614867866
 27            1.385331965315      2231229.443193646148         4672.368308950615      2226557.074884695001
 28            1.298348463328      2231229.425430704840         4672.403528488537      2226557.021902216133
 29            0.931793841882      2231229.410977364983         4672.415724929687      2226556.995252435096
 30            0.787687702722      2231229.398349252995         4672.411488309676      2226556.986860943027
 31            0.686387658537      2231229.390202425886         4672.390665252152      2226556.999537174124
 32            0.629138175657      2231229.384676586837         4672.388933565152      2226556.995743021835
 33            0.516631726396      2231229.380718369037         4672.391763675853      2226556.988954693079
 34            0.390021199790      2231229.377234546002         4672.377930298946      2226556.999304248020
 35            0.341790164096      2231229.374843500089         4672.370938616663      2226557.003904882818
 36            0.300964973287      2231229.373503680807         4672.359420986328      2226557.014082693961
 37            0.269263003043      2231229.372475131880         4672.355214271229      2226557.017260861117
 38            0.218861384741      2231229.371622455772         4672.354499492058      2226557.017122963909
 39            0.178763376638      2231229.371078312863         4672.351102095012      2226557.019976218231
 40            0.150890435405      2231229.370638296939         4672.359276465193      2226557.011361831799
 41            0.130333000332      2231229.370331356768         4672.362441668715      2226557.007889688015
 42            0.103302588785      2231229.370119086932         4672.367272063884      2226557.002847022843
 43            0.088857356576      2231229.369981228840         4672.371718691617      2226556.998262538109
 44            0.071850681050      2231229.369865262881         4672.377826400420      2226556.992038861848
 45            0.053601356239      2231229.369785482064         4672.385095261512      2226556.984690221027
 46            0.044739969859      2231229.369734086096         4672.393442464040      2226556.976291622035

