loop1: max_iter=50, norm_reduction(target=0.001, final=0.0010509)
  i                   resNorm                         J                        Jb                      JoJc
  0         1747.710256967385      1605373.201995508978            0.000000000000      1605373.201995508978
  1         1744.501853575396      1597632.019388755085           39.237899446522      1597592.781489308923
  2         1158.905339430296      1590134.197261130903          189.001416647106      1589945.195844484027
  3         1089.223356132871      1584060.097461038968          473.422427758316      1583586.675033281092
  4          849.139319727062      1579978.794243168086          808.707777506524      1579170.086465662112
  5          851.027809209203      1577065.376647484023         1163.028927062135      1575902.347720422084
  6          662.175791225263      1574168.319543346995         1660.757604105387      1572507.561939242063
  7          579.389980455502      1571895.381355042104         2192.594813270443      1569702.786541772075
  8          548.460281896713      1570163.493495098082         2716.852479101492      1567446.641015995992
  9          466.342787707725      1568805.061050787102         3226.562844145746      1565578.498206641059
 10          427.342398143650      1567616.783353469102         3767.695383548994      1563849.087969919899
 11          356.957948870573      1566747.345373061020         4237.006593542388      1562510.338779519079
 12          305.708510255809      1565933.432119644014         4751.602198594532      1561181.829921049066
 13          312.571823446347      1565297.613633791916         5220.351740281338      1560077.261893511051
 14          277.740170546471      1564853.833397692069         5592.007739310736      1559261.825658380985
 15          236.951250890557      1564435.623759103939         5984.600972846724      1558451.022786258021
 16          199.745850649466      1564102.966193364933         6333.503734771103      1557769.462458594004
 17          198.871023277104      1563872.717870394932         6599.227317025850      1557273.490553369047
 18          169.102233271736      1563670.277843260905         6853.901548618797      1556816.376294642920
 19          141.571905241639      1563486.877830873942         7105.879857620764      1556380.997973253950
 20          149.209460378062      1563372.926978053059         7275.157561519479      1556097.769416532945
 21          119.842707558607      1563262.974648148054         7450.336736947004      1555812.637911200989
 22          103.532103739717      1563174.592739965999         7601.469876450701      1555573.122863515047
 23           85.442463465770      1563097.293607861036         7743.295360435989      1555353.998247425072
 24           81.828137088717      1563042.462503511924         7850.897613187148      1555191.564890325069
 25           65.284263330559      1562992.011551349889         7956.647923576584      1555035.363627773942
 26           62.589013048844      1562955.590064459946         8038.122907539192      1554917.467156921048
 27           50.519890006854      1562928.233662592014         8103.006674224819      1554825.226988367038
 28           44.387877713857      1562905.569243348902         8159.891085896266      1554745.678157452960
 29           41.736655401321      1562889.178213383071         8203.344143644328      1554685.834069737932
 30           34.633626736974      1562877.406986712012         8236.102614944833      1554641.304371766979
 31           29.842194435565      1562867.927897955989         8263.710093485446      1554604.217804471031
 32           25.916975339222      1562859.439893762115         8289.663342294505      1554569.776551466901
 33           20.592363552874      1562853.191372374073         8309.738454396307      1554543.452917977003
 34           20.168353602264      1562848.873628823087         8324.256870783307      1554524.616758038988
 35           17.818188088936      1562845.924843908055         8334.578305352392      1554511.346538555110
 36           15.205346397728      1562843.595770226093         8343.033688374786      1554500.562081851065
 37           13.759099443861      1562841.805403317092         8349.768900597846      1554492.036502718925
 38           10.819926699995      1562840.230398468906         8355.915339673160      1554484.315058795968
 39           10.499645529513      1562839.165416847914         8360.224034452996      1554478.941382395104
 40            8.894550383547      1562838.339887534035         8363.676941271575      1554474.662946261931
 41            7.292238942883      1562837.751395866973         8366.215903691562      1554471.535492175957
 42            6.436898481282      1562837.175922946073         8368.783426084419      1554468.392496861983
 43            5.402872951293      1562836.801462722011         8370.512639757293      1554466.288822964067
 44            4.879029471966      1562836.526527229929         8371.822035989870      1554464.704491239972
 45            3.887360843435      1562836.321025005076         8372.830196590858      1554463.490828413982
 46            3.438668598047      1562836.159467879916         8373.646760413041      1554462.512707466958
 47            3.046015426388      1562836.047897699988         8374.227364939516      1554461.820532759884
 48            2.595511859203      1562835.959310201928         8374.701547006222      1554461.257763196016
 49            2.075254100952      1562835.893334276043         8375.064792486261      1554460.828541788971
 50            1.836670134248      1562835.840832981979         8375.362347283581      1554460.478485698113

loop2: max_iter=50, norm_reduction(target=0.001, final=0.00118711)
  i                   resNorm                         J                        Jb                      JoJc
  0           91.193931701505      1562986.977825358044         8375.362347283581      1554611.615478073945
  1           49.646813977826      1562932.356728112092         8378.236260393227      1554554.120467718923
  2           41.800991166084      1562920.237030703109         8379.837238979086      1554540.399791724049
  3           34.630216347411      1562912.622197237099         8381.959009790698      1554530.663187447004
  4           38.408743711367      1562908.039720915956         8383.809805088118      1554524.229915827978
  5           31.302364043690      1562904.496399661060         8385.221976097608      1554519.274423562922
  6           29.376974319808      1562900.821030891966         8387.109630211506      1554513.711400680942
  7           25.772560657683      1562897.992171874968         8388.808018470945      1554509.184153404087
  8           22.316620253361      1562894.973946007900         8390.934181296707      1554504.039764712099
  9           18.480880424138      1562892.717540696962         8392.760013153151      1554499.957527543884
 10           18.551064003967      1562890.231618990889         8394.817705216174      1554495.413913775003
 11           16.730106120864      1562888.117730581900         8396.720194368980      1554491.397536213044
 12           16.677529611449      1562886.930523806019         8397.776099344404      1554489.154424462002
 13           13.022476537539      1562885.443808991928         8399.159576425240      1554486.284232567064
 14           12.300248362359      1562884.189257085091         8400.222684779745      1554483.966572304955
 15           11.039844111446      1562883.208923970116         8400.919972739603      1554482.288951230003
 16           11.282764904422      1562882.546972871991         8401.449657594352      1554481.097315277904
 17            7.999684391688      1562881.985461686971         8401.890419430667      1554480.095042255940
 18            7.978338016160      1562881.438565528952         8402.263911729258      1554479.174653799972
 19            8.178379538003      1562881.083708890015         8402.471968528045      1554478.611740361899
 20            6.031982194750      1562880.748981673969         8402.676903374504      1554478.072078299010
 21            5.270547777838      1562880.429765420035         8402.794076184979      1554477.635689235060
 22            5.099200583733      1562880.208010172006         8402.896868283226      1554477.311141889077
 23            5.289142027290      1562880.082871180959         8402.963440818226      1554477.119430362945
 24            4.010832501542      1562879.944211835973         8403.012208291128      1554476.932003545109
 25            3.452320654053      1562879.825803455897         8403.029065317298      1554476.796738138888
 26            3.106217308020      1562879.751654251013         8403.022687400757      1554476.728966851020
 27            2.548150069262      1562879.673017444089         8403.024006268148      1554476.649011176080
 28            2.452164618769      1562879.612590007018         8403.035947247825      1554476.576642758911
 29            2.071615245838      1562879.572649230016         8403.067941587246      1554476.504707641900
 30            1.812986539204      1562879.539003517013         8403.073148079307      1554476.465855438029
 31            1.629870285561      1562879.511981874006         8403.086201468395      1554476.425780405058
 32            1.474360257864      1562879.490859047975         8403.115222474105      1554476.375636574114
 33            1.199340683245      1562879.475534443976         8403.118010914002      1554476.357523530023
 34            1.068544110930      1562879.462954198010         8403.130596899389      1554476.332357299048
 35            0.979218087955      1562879.452797967941         8403.142169883227      1554476.310628084932
 36            0.837208734191      1562879.445177810034         8403.171589214020      1554476.273588595912
 37            0.773451404247      1562879.439941043034         8403.204703963293      1554476.235237078974
 38            0.626256106877      1562879.434680420905         8403.252084619859      1554476.182595801074
 39            0.593278930267      1562879.431289949920         8403.295544250641      1554476.135745699052
 40            0.510397725947      1562879.428602830041         8403.328747136133      1554476.099855693989
 41            0.446490362263      1562879.426744475029         8403.356747976733      1554476.069996498059
 42            0.382964850747      1562879.425078398082         8403.386365219880      1554476.038713177899
 43            0.313173640363      1562879.423797112890         8403.420261627552      1554476.003535486059
 44            0.271457038868      1562879.422834909987         8403.450249281950      1554475.972585628042
 45            0.236431674443      1562879.422135615954         8403.475866525141      1554475.946269090986
 46            0.210384212616      1562879.421609264100         8403.504989877010      1554475.916619386990
 47            0.169935124393      1562879.421223497018         8403.525450577567      1554475.895772919059
 48            0.147719335042      1562879.420944358921         8403.543441013649      1554475.877503345022
 49            0.127908686372      1562879.420727858087         8403.559717610813      1554475.861010246910
 50            0.108257210286      1562879.420568681089         8403.573781752551      1554475.846786929062

