loop1: max_iter=50, norm_reduction(target=0.001, final=0.00159378)
  i                   resNorm                         J                        Jb                      JoJc
  0         2324.276740855179      2139219.536706094164            0.000000000000      2139219.536706094164
  1         1893.809937439500      2131518.711695168167           21.954767024755      2131496.756928144023
  2         1570.623882445847      2122270.403568658046          154.048874390865      2122116.354694266804
  3         1572.432112163973      2118810.375564719085          253.973845812295      2118556.401718907058
  4         1228.577776990898      2115606.124227134045          391.943286812604      2115214.180940321181
  5          959.257439353189      2110340.913886351977          768.988510955839      2109571.925375395920
  6          853.633083033614      2107048.034689382184         1137.491636285105      2105910.543053097092
  7          805.628873899939      2104868.435644173063         1466.563223394131      2103401.872420778032
  8          776.888646329293      2102781.486014216207         1873.340523698819      2100908.145490516908
  9          625.013086595795      2100872.733689718880         2348.004056809250      2098524.729632908944
 10          616.907853392225      2099438.564078391064         2787.985973700710      2096650.578104689950
 11          503.918360930670      2098215.336995313875         3237.122626033656      2094978.214369280031
 12          497.433722501188      2097102.927829945926         3721.727881992759      2093381.199947952991
 13          414.254572276692      2096321.643092999933         4116.487623965935      2092205.155469034100
 14          362.935157140057      2095526.027234537993         4577.956701499623      2090948.070533037884
 15          319.891543613804      2094788.018353278050         5074.466772005318      2089713.551581271924
 16          340.553323768272      2094289.756456078961         5456.641966982849      2088833.114489095984
 17          289.002209634791      2093925.059375934070         5766.328813971790      2088158.730561961886
 18          276.903688118867      2093641.549458075082         6028.322529845998      2087613.226928228978
 19          199.799824589898      2093291.405384235084         6383.733134800781      2086907.672249434050
 20          183.484751660939      2092971.419716672041         6746.936356503913      2086224.483360168058
 21          152.440206326840      2092743.598013157025         7034.230250860646      2085709.367762295995
 22          158.159296133366      2092588.555702476064         7247.526373586713      2085341.029328888981
 23          154.551465342040      2092474.975746907992         7415.514374431495      2085059.461372477002
 24          140.988447442692      2092379.850574584911         7565.515674665519      2084814.334899919108
 25          112.912139527678      2092297.949385392014         7702.797800916344      2084595.151584476000
 26          118.200048232041      2092238.799110189080         7807.625377555729      2084431.173732633004
 27           87.946650507582      2092178.172500676010         7921.200951263701      2084256.971549412003
 28           74.344933258867      2092127.720876928885         8021.501408722466      2084106.219468207099
 29           68.383683694673      2092081.773098802892         8118.810416473469      2083962.962682328885
 30           56.948111836860      2092045.296287426958         8201.247317593052      2083844.048969834112
 31           52.627412278240      2092019.251124069095         8263.724069922344      2083755.527054147096
 32           46.364250321757      2092001.366522717057         8308.883287843346      2083692.483234873042
 33           36.669160442354      2091983.429833634989         8356.594940663232      2083626.834892971907
 34           33.941654283326      2091970.424489120953         8393.143938768975      2083577.280550352065
 35           29.310017696381      2091961.885413473938         8418.320205932852      2083543.565207540989
 36           26.001737711412      2091955.194793286035         8438.910497633609      2083516.284295652993
 37           21.050886275656      2091949.666042695055         8456.676555343300      2083492.989487352083
 38           21.135898057963      2091945.343980144942         8471.191862316600      2083474.152117829071
 39           17.345354999324      2091942.285823242972         8481.893763186568      2083460.392060057027
 40           15.194962819933      2091939.992046151077         8490.222512051580      2083449.769534100080
 41           12.533334640352      2091938.165694274008         8497.096478001369      2083441.069216273027
 42           11.439727880293      2091936.671725643100         8502.931593552054      2083433.740132091101
 43           10.093403047063      2091935.621820119908         8507.182079876049      2083428.439740244066
 44            8.480678941484      2091934.809838495916         8510.580641517661      2083424.229196978034
 45            7.419161492643      2091934.227648579050         8513.095571039425      2083421.132077540038
 46            6.500694956042      2091933.713317926973         8515.390420638330      2083418.322897288017
 47            5.812264736195      2091933.356437542941         8517.035057839370      2083416.321379703004
 48            4.678097773271      2091933.077389328042         8518.360434681854      2083414.716954645934
 49            4.191769296347      2091932.865969314007         8519.395166808828      2083413.470802505035
 50            3.704381550037      2091932.710704259109         8520.177550836153      2083412.533153423108

loop2: max_iter=50, norm_reduction(target=0.001, final=0.00364343)
  i                   resNorm                         J                        Jb                      JoJc
  0           70.422111496756      2091995.041003873106         8520.177550836153      2083474.863453035941
  1          100.102082962549      2091970.801722689997         8521.164931723901      2083449.636790965917
  2           70.160230675888      2091954.668071727967         8521.833786167488      2083432.834285560995
  3           67.347614229345      2091949.161837530090         8522.177354549398      2083426.984482980100
  4           64.152286292431      2091937.389402332949         8523.131629783977      2083414.257772549056
  5           46.129331970774      2091931.274149928940         8523.530497280830      2083407.743652648060
  6           45.250961319158      2091922.570479772985         8524.644091496939      2083397.926388276042
  7           36.466941749754      2091914.252607112052         8525.711266544842      2083388.541340566939
  8           36.029239874879      2091908.506081468891         8526.275588405842      2083382.230493063107
  9           33.192520977615      2091904.795044999104         8526.691059344041      2083378.103985654889
 10           23.988727358399      2091899.894911387004         8527.677323258527      2083372.217588128056
 11           26.083923260034      2091896.761775538092         8528.238940201296      2083368.522835337091
 12           22.218651089449      2091894.204429223901         8528.758422120434      2083365.446007103892
 13           22.498650296610      2091891.943654442905         8529.508990567896      2083362.434663875028
 14           20.096955538021      2091890.278043599101         8530.185052182838      2083360.092991416110
 15           20.378181285552      2091888.187422421994         8531.166553722407      2083357.020868699066
 16           16.792409353268      2091887.123321173945         8531.736471588380      2083355.386849584989
 17           13.559994075458      2091885.298839745112         8532.836308564658      2083352.462531181052
 18           16.638533398415      2091884.405213857070         8533.475031725946      2083350.930182131007
 19           11.693329931640      2091883.632050829008         8533.936455936468      2083349.695594893070
 20           10.577312204220      2091882.739304920891         8534.566213543476      2083348.173091376899
 21           10.437924791192      2091882.116127815098         8535.042079426239      2083347.074048388982
 22            8.863250778256      2091881.678953703027         8535.323922293239      2083346.355031409999
 23            8.201506814955      2091881.243285184028         8535.693646507101      2083345.549638676923
 24            7.071530602196      2091880.855207914952         8536.113387601003      2083344.741820313968
 25            6.193410435875      2091880.527688085102         8536.491191294306      2083344.036496791057
 26            7.168436088929      2091880.324604592053         8536.719982037695      2083343.604622554034
 27            5.718807438559      2091880.161994864000         8536.924556507176      2083343.237438356970
 28            4.561637237406      2091879.952424848918         8537.131993698260      2083342.820431150962
 29            4.399421701454      2091879.794252319029         8537.278782667621      2083342.515469650971
 30            3.839157629152      2091879.654610025929         8537.387906140922      2083342.266703885049
 31            3.554428120470      2091879.547231900040         8537.517763629374      2083342.029468270950
 32            3.045387043967      2091879.475619490957         8537.609361885667      2083341.866257606074
 33            2.583691482982      2091879.417347179027         8537.722498712572      2083341.694848465966
 34            2.338650191827      2091879.361911246087         8537.853890099255      2083341.508021146990
 35            2.007406093550      2091879.324139642064         8537.957241267422      2083341.366898375098
 36            1.731885753984      2091879.292917174986         8538.049249517733      2083341.243667657021
 37            1.566316844502      2091879.269775829976         8538.120386641920      2083341.149389188038
 38            1.350396613350      2091879.250416023890         8538.169461741751      2083341.080954283010
 39            1.210033272782      2091879.235044719884         8538.201593524791      2083341.033451195108
 40            1.034023428783      2091879.223743113922         8538.221305459743      2083341.002437655116
 41            0.922680833687      2091879.215209501097         8538.260501156894      2083340.954708344070
 42            0.732757272550      2091879.208363098092         8538.305321360180      2083340.903041738085
 43            0.672057195758      2091879.203299009940         8538.334474314070      2083340.868824695935
 44            0.603973296702      2091879.199544378091         8538.351406685031      2083340.848137693014
 45            0.514044932594      2091879.197068894049         8538.369736072576      2083340.827332820976
 46            0.438714838376      2091879.194879614981         8538.394429155160      2083340.800450460054
 47            0.386680851711      2091879.193178910995         8538.413048836768      2083340.780130073894
 48            0.345913395508      2091879.191960643977         8538.438629628390      2083340.753331016051
 49            0.300174997143      2091879.191055635922         8538.471880019599      2083340.719175616978
 50            0.256577707048      2091879.190316115972         8538.511644021723      2083340.678672093898

