loop1: max_iter=50, norm_reduction(target=0.001, final=0.000908133)
  i                   resNorm                         J                        Jb                      JoJc
  0         1393.351038504785       855892.075302768149            0.000000000000       855892.075302768149
  1         1140.983740473734       852877.242287452682            9.363439948868       852867.878847503802
  2          645.115479781673       849546.096702503855           58.533840726434       849487.562861777376
  3          714.650942591672       848458.317952273064           92.613173213039       848365.704779059975
  4          462.261607180446       847137.383266197518          164.286323288387       846973.096942909178
  5          452.614779556357       846068.222578566638          261.842931878236       845806.379646688350
  6          478.787267872736       845141.205767618958          393.027510731440       844748.178256887477
  7          337.264753481890       844383.119765294367          544.168101499368       843838.951663795044
  8          303.008197468729       843686.030574126518          731.389789582390       842954.640784544172
  9          225.592643433248       843078.210974054411          947.669136847975       842130.541837206460
 10          215.976735109778       842591.671373782796         1171.894282443929       841419.777091338881
 11          174.811784013115       842264.425950152334         1358.670173183606       840905.755776968785
 12          156.183051316090       841991.312011653674         1545.777673947604       840445.534337706049
 13          131.661901493581       841806.573068370344         1694.264801450230       840112.308266920154
 14          106.342653167559       841618.528809881420         1871.086998478273       839747.441811403143
 15          100.240627164165       841501.660992883611         1998.486622969586       839503.174369913992
 16           84.306794471126       841411.578803485609         2109.493825076841       839302.084978408762
 17           68.330899567344       841345.973826840403         2199.713923153132       839146.259903687285
 18           61.550391509206       841295.778189300792         2276.104507514001       839019.673681786750
 19           59.614142395873       841261.083591767587         2333.984891473481       838927.098700294155
 20           52.016952846128       841234.094432416838         2382.811604557472       838851.282827859395
 21           43.890544644836       841215.148914395017         2419.614188764770       838795.534725630190
 22           35.279092259302       841198.215543891420         2454.834369979077       838743.381173912319
 23           30.565483602768       841185.852790409815         2482.378931253812       838703.473859156016
 24           25.287587320208       841176.495762017788         2504.630251183517       838671.865510834265
 25           21.551532411886       841168.912175878533         2523.887946550537       838645.024229328032
 26           17.780764529024       841163.545012535644         2538.423464259819       838625.121548275813
 27           16.725249890553       841159.942022419185         2548.766155480684       838611.175866938545
 28           13.311114162970       841156.931137146428         2557.909773249155       838599.021363897249
 29           11.907436918335       841154.940507199266         2564.288821994402       838590.651685204823
 30            9.531419371512       841153.307809175807         2569.797001206046       838583.510807969724
 31            8.510331038678       841152.304129006923         2573.349280128551       838578.954848878318
 32            7.329242944539       841151.582768000197         2576.011852333813       838575.570915666409
 33            6.021157326597       841151.033019210910         2578.124963170342       838572.908056040527
 34            5.459272691885       841150.569850238157         2579.983400815602       838570.586449422524
 35            4.009616308218       841150.319777883473         2581.026037578202       838569.293740305235
 36            3.832516772275       841150.084818609175         2582.042566436876       838568.042252172250
 37            3.104621119490       841149.937082946301         2582.706636985413       838567.230445960886
 38            2.614908332983       841149.814477151958         2583.278240475058       838566.536236676853
 39            2.148199132214       841149.721191832796         2583.730428072624       838565.990763760172
 40            1.982672417049       841149.666451226803         2584.005372658494       838565.661078568315
 41            1.525238257064       841149.627552763093         2584.206825900908       838565.420726862154
 42            1.265347926891       841149.596002051723         2584.375451801146       838565.220550250611

loop2: max_iter=50, norm_reduction(target=0.001, final=0.000871727)
  i                   resNorm                         J                        Jb                      JoJc
  0           59.564008794410       841080.679510043003         2584.375451801146       838496.304058241891
  1           46.358996494454       841075.371604728047         2584.737055349138       838490.634549378883
  2           48.614587750185       841066.537705410039         2585.446616721279       838481.091088688816
  3           51.160761051423       841060.253730720608         2586.145097380720       838474.108633339871
  4           30.734301237657       841054.979033358162         2586.830764450080       838468.148268908029
  5           23.862951427983       841048.881300361594         2588.092826759553       838460.788473602035
  6           30.311646580827       841044.415262403665         2589.482366571161       838454.932895832462
  7           21.545847817057       841042.061431581969         2590.328030332519       838451.733401249396
  8           18.570529993992       841038.667019316694         2591.605615711637       838447.061403605039
  9           17.677460649184       841035.717640447547         2593.271466473529       838442.446173973964
 10           13.841472856158       841033.756101273233         2594.667483681478       838439.088617591769
 11           12.492705466814       841031.913280397188         2595.908824011123       838436.004456386087
 12           12.174353269338       841029.989655242651         2597.567125172766       838432.422530069831
 13            9.531608683733       841028.902691214462         2598.551058330816       838430.351632883656
 14            8.294799093302       841027.935266681132         2599.285091489754       838428.650175191346
 15            7.674840517434       841027.110695755575         2599.749096956774       838427.361598798772
 16            6.902607317810       841026.592882636818         2600.018670272769       838426.574212364038
 17            6.768903275874       841026.111822275794         2600.170084177322       838425.941738098511
 18            5.322834607717       841025.798148885253         2600.374760657192       838425.423388228053
 19            4.372338768280       841025.518320053234         2600.496904687359       838425.021415365860
 20            4.007019530985       841025.301079735742         2600.610781429581       838424.690298306174
 21            3.253312099212       841025.162057669484         2600.764244905846       838424.397812763695
 22            2.742604609169       841025.060447077733         2600.847546911241       838424.212900166516
 23            2.394655893748       841024.971447815420         2600.934775075898       838424.036672739545
 24            2.323501064064       841024.907359237084         2600.895826932781       838424.011532304343
 25            1.970901048826       841024.866623715381         2600.881153122035       838423.985470593325
 26            1.895172590068       841024.838291374384         2600.906377129261       838423.931914245128
 27            1.384556316990       841024.809073956334         2600.902363631670       838423.906710324693
 28            1.175730919274       841024.787281599944         2600.914291325010       838423.872990274918
 29            1.019469894091       841024.770106731332         2600.959668471618       838423.810438259738
 30            0.931746632917       841024.760735789547         2600.986920941991       838423.773814847576
 31            0.748573109955       841024.750497409608         2600.967136678666       838423.783360730973
 32            0.623466172959       841024.744613780640         2600.952706986086       838423.791906794533
 33            0.544069640850       841024.740035385126         2600.968897818630       838423.771137566539
 34            0.486675314111       841024.736469293362         2600.965442337268       838423.771026956150
 35            0.392215975693       841024.734099059249         2600.961938883542       838423.772160175722
 36            0.322293145449       841024.732109561795         2600.946890597235       838423.785218964564
 37            0.302424553420       841024.730690342141         2600.940329133246       838423.790361208841
 38            0.221499430349       841024.729905083077         2600.931202619426       838423.798702463624
 39            0.190032803098       841024.729201016249         2600.922789914749       838423.806411101483
 40            0.167055768716       841024.728729651077         2600.917020095907       838423.811709555215
 41            0.146229532833       841024.728431612835         2600.916061183277       838423.812370429514
 42            0.122516263057       841024.728195386007         2600.918212489208       838423.809982896782
 43            0.097528533641       841024.728023314732         2600.922591741251       838423.805431573535
 44            0.086878799619       841024.727899783640         2600.925329620495       838423.802570163156
 45            0.068027103862       841024.727810211945         2600.927757403851       838423.800052808132
 46            0.063560316966       841024.727748464211         2600.927866090952       838423.799882373307
 47            0.051923545635       841024.727709811530         2600.928008249518       838423.799701562035

