loop1: max_iter=50, norm_reduction(target=0.001, final=0.000860014)
  i                   resNorm                         J                        Jb                      JoJc
  0         1301.678798035285      1655029.374427177012            0.000000000000      1655029.374427177012
  1         1133.444218533012      1649785.472913878970           32.458719781597      1649753.014194098068
  2          816.838997015069      1646568.205896379892          100.619140620535      1646467.586755760014
  3          672.140425230153      1644934.877635581885          164.904647817786      1644769.972987764049
  4          535.172510151411      1642576.261342281010          336.358663672873      1642239.902678607963
  5          368.102991338518      1640484.907601346029          613.495753890638      1639871.411847454961
  6          405.956057895493      1638954.638558787992          945.861292055318      1638008.777266733116
  7          286.694397492323      1637933.990466719028         1263.249427003676      1636670.741039715009
  8          269.504830318956      1636984.492307724897         1662.834200761507      1635321.658106964082
  9          218.540825815342      1636366.010424222099         1999.954148762664      1634366.056275459006
 10          180.901667474357      1635854.841410391033         2344.904382777646      1633509.937027612934
 11          161.249540180158      1635502.636470386060         2632.061018346902      1632870.575452039018
 12          178.196550443800      1635307.578038702020         2815.253160908763      1632492.324877792969
 13          123.655415261145      1635101.880866090069         3033.838704940293      1632068.042161148973
 14           92.389827750417      1634900.254214827903         3281.241061676928      1631619.013153150911
 15           88.472856419251      1634781.412943436066         3448.256947433321      1631333.155996002955
 16           80.986776772247      1634715.549414590001         3550.491187174196      1631165.058227414964
 17           57.191656592455      1634641.693657723023         3676.694672256921      1630964.998985466082
 18           48.841369196725      1634588.242405687924         3778.381769510300      1630809.860636177938
 19           42.032208396027      1634554.774800796993         3848.447172622846      1630706.327628175030
 20           32.714151381808      1634530.042244964978         3904.824910119640      1630625.217334845103
 21           26.032882936069      1634511.337711968925         3951.240583644692      1630560.097128323978
 22           21.110839461312      1634498.242080444936         3986.623748782246      1630511.618331663078
 23           17.774512823053      1634490.991686759051         4007.727940754938      1630483.263746004086
 24           14.898562666256      1634486.053630724084         4023.047516684926      1630463.006114039104
 25           12.575797401175      1634482.651098312112         4034.260622354103      1630448.390475957887
 26            9.576846744469      1634480.252387752989         4042.634895656394      1630437.617492096033
 27            8.566787063494      1634478.499239688972         4049.121888484882      1630429.377351203933
 28            6.715541679906      1634477.573428927921         4052.727050864743      1630424.846378064016
 29            5.566184097421      1634476.780670338077         4055.964858966888      1630420.815811370965
 30            4.589299967315      1634476.287280495046         4058.081070073126      1630418.206210422097
 31            3.649355516860      1634475.955334502039         4059.569838137577      1630416.385496364906
 32            3.218152586210      1634475.732528018998         4060.612920114657      1630415.119607904926
 33            2.650340040796      1634475.589522561058         4061.309597325263      1630414.279925236013
 34            2.119548584227      1634475.482986178948         4061.848784501740      1630413.634201677982
 35            1.665325197311      1634475.412461891072         4062.219440492688      1630413.193021398969
 36            1.416213750911      1634475.361669321079         4062.496677650238      1630412.864991670940
 37            1.119461475143      1634475.328588519013         4062.684125816267      1630412.644462703029

loop2: max_iter=50, norm_reduction(target=0.001, final=0.00085991)
  i                   resNorm                         J                        Jb                      JoJc
  0           47.568848507476      1634560.409049594076         4062.684125816267      1630497.724923778092
  1           27.245976246508      1634524.425446043024         4066.031266565333      1630458.394179478055
  2           40.621605542457      1634518.648056224920         4067.097265023001      1630451.550791202113
  3           22.199628510908      1634515.853152849944         4067.839443175043      1630448.013709675055
  4           26.621458493433      1634512.696249695960         4068.823533177314      1630443.872716519050
  5           20.303497964745      1634509.880457988940         4069.690683517989      1630440.189774471102
  6           17.532292199724      1634508.178230948048         4070.487337704698      1630437.690893243067
  7           14.419012499129      1634505.339395157062         4071.812441088462      1630433.526954069035
  8           13.381013369890      1634503.481327896006         4072.846668438539      1630430.634659457020
  9           11.001017244425      1634501.933247578098         4073.962591224080      1630427.970656353980
 10           10.075531471873      1634500.616645745933         4074.441261119518      1630426.175384626957
 11            9.258784827355      1634499.789488015929         4075.165561899639      1630424.623926115921
 12            9.054660063148      1634498.929802444996         4075.911421293700      1630423.018381150905
 13            7.404352976730      1634498.328359413892         4076.444903965564      1630421.883455449017
 14            5.891941470326      1634497.858683750033         4077.007808074974      1630420.850875674980
 15            4.860026314524      1634497.411598832114         4077.554271731698      1630419.857327099890
 16            4.168253951000      1634497.020755267935         4077.904856042924      1630419.115899224998
 17            3.586915127724      1634496.828869025921         4078.136753130969      1630418.692115894984
 18            3.658115265764      1634496.685728878016         4078.261070321566      1630418.424658556003
 19            2.725347537721      1634496.568783313967         4078.318339330510      1630418.250443984056
 20            2.024597148243      1634496.463692706078         4078.329686739366      1630418.134005967062
 21            1.653264217623      1634496.396336605074         4078.314367242160      1630418.081969362916
 22            1.356655297242      1634496.348083788995         4078.271582102245      1630418.076501685893
 23            1.129721094122      1634496.314830979099         4078.256557891652      1630418.058273087023
 24            0.998498244276      1634496.296299505979         4078.232386324414      1630418.063913180958
 25            0.794341090598      1634496.281553494046         4078.203583695191      1630418.077969799051
 26            0.669718731816      1634496.270662087016         4078.184467028391      1630418.086195057957
 27            0.528309431600      1634496.263618198922         4078.173119482050      1630418.090498717036
 28            0.441621131605      1634496.258664957946         4078.179834531976      1630418.078830426093
 29            0.402550161951      1634496.255737496074         4078.183382929888      1630418.072354566073
 30            0.289495320847      1634496.253460186999         4078.169292304482      1630418.084167882102
 31            0.255258211300      1634496.251932387007         4078.155446740101      1630418.096485646907
 32            0.223509777446      1634496.250935032964         4078.146683243659      1630418.104251790093
 33            0.170415694230      1634496.250253610080         4078.150099645229      1630418.100153964944
 34            0.138124279043      1634496.249756663106         4078.152275664641      1630418.097480999073
 35            0.114825929576      1634496.249398923013         4078.150789045215      1630418.098609877052
 36            0.091569788250      1634496.249184461078         4078.157713438134      1630418.091471022926
 37            0.073577218346      1634496.249042525887         4078.164981770661      1630418.084060756024
 38            0.058002204436      1634496.248938329052         4078.180120575857      1630418.068817753112
 39            0.049855577457      1634496.248880315106         4078.190216126745      1630418.058664188022
 40            0.040904906012      1634496.248841184890         4078.200318373405      1630418.048522810917

