loop1: max_iter=50, norm_reduction(target=0.001, final=0.00098351)
  i                   resNorm                         J                        Jb                      JoJc
  0         1193.807858068155      1801982.903323105071            0.000000000000      1801982.903323105071
  1         1054.326871460516      1796701.214101369958           39.147750884778      1796662.066350484965
  2          690.602783134134      1793805.347224988975          108.932535739863      1793696.414689248893
  3          725.059474483757      1790846.605226197978          272.417942376097      1790574.187283822102
  4          566.932981070404      1789109.553295491030          440.205921760451      1788669.347373730969
  5          638.536980498982      1787989.762919279048          592.003753640903      1787397.759165637894
  6          468.699827708945      1786665.632048581960          836.483968131139      1785829.148080450017
  7          434.263364708761      1785512.278106420999         1125.344187570187      1784386.933918850962
  8          427.756787446458      1784725.891486069886         1376.801303993735      1783349.090182075975
  9          336.017843506035      1784101.605420673965         1617.705615539298      1782483.899805133929
 10          371.332186159599      1783455.876873299014         1917.708493892866      1781538.168379406910
 11          274.327183374067      1782920.176931143971         2215.488687239655      1780704.688243903918
 12          242.274144131603      1782513.030837157974         2478.915877461814      1780034.114959696075
 13          194.680396854786      1782112.502162785036         2779.682455369960      1779332.819707415067
 14          175.519170270900      1781778.429745656904         3072.224313424873      1778706.205432232004
 15          156.302425492372      1781504.970364490058         3349.538434633318      1778155.431929857004
 16          131.321012835346      1781341.261449140031         3536.609168959185      1777804.652280180948
 17          124.004059910250      1781183.854450037936         3736.810264174529      1777447.044185863109
 18          111.056072031092      1781082.118266247911         3879.715110386172      1777202.403155861888
 19           83.481466444699      1780994.247873777989         4014.248987218203      1776979.998886560090
 20           71.775463790208      1780906.281663660891         4162.806513476964      1776743.475150184007
 21           63.017896148025      1780857.764578029979         4252.546516935252      1776605.218061095104
 22           56.277438187341      1780818.923604520038         4329.996779116112      1776488.926825403934
 23           45.704794541368      1780787.764634876046         4396.956776820909      1776390.807858054992
 24           42.678763527259      1780768.761783194030         4440.583203421515      1776328.178579773055
 25           36.844921146048      1780752.494449161924         4480.240400587121      1776272.254048574949
 26           32.325255292810      1780739.991933705984         4512.611402328288      1776227.380531378090
 27           26.315833094433      1780731.160031225998         4536.775885321538      1776194.384145904100
 28           21.169539008947      1780722.944638171932         4560.569814046055      1776162.374824126018
 29           17.804682867482      1780717.120548506966         4578.480099962497      1776138.640448545106
 30           13.895708865713      1780712.715018341085         4592.842579888807      1776119.872438451974
 31           11.827425740728      1780709.831018236000         4602.786359349557      1776107.044658886967
 32           10.852946742030      1780707.977896678960         4609.505980653244      1776098.471916025970
 33            8.802796248444      1780706.746199524030         4614.174009902285      1776092.572189620929
 34            7.495164758379      1780705.734808087116         4618.177108103368      1776087.557699983940
 35            6.347237017913      1780705.092664045049         4620.828020442610      1776084.264643602073
 36            5.400623289325      1780704.550639183028         4623.160250200607      1776081.390388981905
 37            5.058167629036      1780704.237805919023         4624.559650560263      1776079.678155357949
 38            3.735062094207      1780704.014813737012         4625.590077069039      1776078.424736666959
 39            3.053892563507      1780703.799240848050         4626.623239453339      1776077.176001393935
 40            2.487245586971      1780703.659794359934         4627.318719380188      1776076.341074978933
 41            2.207469753296      1780703.570007120026         4627.783106918014      1776075.786900202045
 42            1.718028707459      1780703.506070069969         4628.125323098217      1776075.380746972049
 43            1.468765473295      1780703.462430625921         4628.366820636245      1776075.095609989949
 44            1.174121885007      1780703.429046716075         4628.557972703891      1776074.871074012015

loop2: max_iter=50, norm_reduction(target=0.001, final=0.000881166)
  i                   resNorm                         J                        Jb                      JoJc
  0           48.299456634565      1780767.673416767968         4628.557972703891      1776139.115444063907
  1           47.177785060528      1780751.103184327949         4627.814172318459      1776123.289012009045
  2           37.890003175966      1780741.774445575895         4627.193959268546      1776114.580486306921
  3           37.100436561759      1780735.001886906102         4626.930158726655      1776108.071728178998
  4           35.140919874202      1780730.726765740896         4626.530554003573      1776104.196211737115
  5           30.871347869426      1780726.089041522937         4625.981663037587      1776100.107378486078
  6           32.341439097820      1780722.974560671020         4625.714090324576      1776097.260470347013
  7           21.498001617264      1780718.604187102057         4625.447149905345      1776093.157037196914
  8           23.213651277138      1780714.457650553901         4625.305863225249      1776089.151787328999
  9           22.786059720045      1780712.830692843068         4625.214154131733      1776087.616538710892
 10           14.583285867914      1780710.079484312097         4625.104209508298      1776084.975274804048
 11           18.533696421774      1780708.109632011037         4624.678148691469      1776083.431483319961
 12           15.138603259175      1780706.886454501888         4624.332561458743      1776082.553893042961
 13           15.114367326894      1780705.207723546075         4623.816139134134      1776081.391584411962
 14           11.540414402464      1780703.901824362110         4623.489234482433      1776080.412589879008
 15           10.719037759218      1780702.933577497024         4623.182885928039      1776079.750691568945
 16           10.485157330316      1780701.944344257936         4622.867585644714      1776079.076758613111
 17            7.806932152087      1780701.213194499025         4622.638437689932      1776078.574756809045
 18            8.650136054254      1780700.637450067094         4622.371532276461      1776078.265917791054
 19            6.616448330390      1780700.224467379972         4622.128704094684      1776078.095763284946
 20            5.104144070806      1780699.700557436096         4621.873924356624      1776077.826633078977
 21            4.469594985919      1780699.316717762966         4621.815588647465      1776077.501129115932
 22            4.058204061975      1780699.082269578939         4621.776637275280      1776077.305632303935
 23            3.888811432581      1780698.904985191068         4621.819382225338      1776077.085602965904
 24            3.093635944707      1780698.797798146028         4621.861878116116      1776076.935920030111
 25            2.611165764429      1780698.690100241918         4621.880386347795      1776076.809713894036
 26            2.444693562473      1780698.634045372950         4621.897064720943      1776076.736980651971
 27            1.830336078102      1780698.577425464056         4621.872399141887      1776076.705026322976
 28            1.637013070946      1780698.538635972887         4621.818575320793      1776076.720060651889
 29            1.439259513644      1780698.507656302070         4621.816058638809      1776076.691597663099
 30            1.185295654388      1780698.488556616008         4621.810292007423      1776076.678264609072
 31            0.898042991094      1780698.472011585953         4621.849869866137      1776076.622141720029
 32            0.822136029119      1780698.460849267896         4621.855212300069      1776076.605636968045
 33            0.725960402704      1780698.454131257953         4621.921651160154      1776076.532480098074
 34            0.567834182397      1780698.448550106958         4621.937796272283      1776076.510753835086
 35            0.490014788832      1780698.444579794072         4621.901871976939      1776076.542707816930
 36            0.439423313478      1780698.441778108012         4621.877836286600      1776076.563941820990
 37            0.367283592567      1780698.439738380956         4621.841939196654      1776076.597799184034
 38            0.282196016639      1780698.438102638116         4621.814137365163      1776076.623965272913
 39            0.231584643262      1780698.436881233007         4621.791844107381      1776076.645037125098
 40            0.199155136322      1780698.436188739026         4621.779261627893      1776076.656927111093
 41            0.158512874607      1780698.435662155971         4621.767852584799      1776076.667809570907
 42            0.130971126911      1780698.435314363101         4621.763286042146      1776076.672028319910
 43            0.111625915262      1780698.435059871990         4621.766887678628      1776076.668172193924
 44            0.089592495652      1780698.434866715921         4621.778629861626      1776076.656236855080
 45            0.073792848497      1780698.434757963987         4621.790538214365      1776076.644219750073
 46            0.064390018930      1780698.434683846077         4621.800774940534      1776076.633908905089
 47            0.051501479787      1780698.434627664974         4621.812524575991      1776076.622103089001
 48            0.042559849780      1780698.434586049058         4621.819478043722      1776076.615108005004

