loop1: max_iter=50, norm_reduction(target=0.001, final=0.000965109)
  i                   resNorm                         J                        Jb                      JoJc
  0         1286.293688969449      1632068.462002937915            0.000000000000      1632068.462002937915
  1         1085.782880989585      1623336.477416485082           92.167039738410      1623244.310376747046
  2         1200.047903566058      1620265.877621839056          184.380439746724      1620081.497182091931
  3          659.381324813178      1616801.764986087102          370.842942509367      1616430.922043578001
  4          590.480602351941      1613252.465643107891          726.729155933552      1612525.736487175105
  5          494.806335822085      1611329.893587329891         1034.272332964324      1610295.621254365891
  6          404.916832169728      1609494.111720490037         1456.402796966862      1608037.708923523081
  7          330.282409108832      1607997.125913156895         1941.710872379850      1606055.415040777065
  8          319.941605595734      1607124.545089458115         2310.914142474474      1604813.630946982885
  9          274.561358036709      1606439.087886647088         2667.078635371171      1603772.009251276031
 10          233.987652404121      1605876.271230696002         3019.117469975100      1602857.153760720976
 11          227.261263091044      1605478.696521641919         3311.526251128771      1602167.170270513045
 12          184.593927585080      1605110.279301817063         3626.106382985148      1601484.172918830998
 13          168.205828462275      1604851.455831086030         3879.393817334389      1600972.062013752060
 14          140.829312824985      1604636.903588022105         4116.310658666878      1600520.592929355102
 15          126.719908554626      1604481.665458746022         4307.614155903877      1600174.051302843029
 16          103.501200593387      1604347.312887466978         4491.180823257266      1599856.132064209087
 17           93.346297662461      1604250.182163299061         4637.556187044906      1599612.625976253999
 18           80.337871700586      1604175.641934070969         4760.326965884501      1599415.314968185965
 19           72.177403784488      1604117.492654660018         4864.445461596033      1599253.047193063889
 20           61.560346271607      1604076.343105389038         4943.905588234233      1599132.437517154962
 21           53.550161126362      1604043.350193331018         5012.200008615361      1599031.150184716098
 22           47.473399731838      1604019.353977703955         5065.236796556703      1598954.117181147914
 23           39.192112125457      1603999.564382405020         5111.805802267711      1598887.758580137044
 24           36.026327981203      1603985.222098082071         5147.660734754295      1598837.561363328015
 25           27.229270972176      1603973.688612418016         5178.207142417504      1598795.481469999999
 26           26.514162695635      1603964.400400525890         5204.315124728364      1598760.085275798105
 27           22.346058014918      1603958.985716263996         5220.358318198528      1598738.627398065990
 28           18.742539321022      1603954.364316704916         5234.699572116172      1598719.664744589012
 29           15.358931355620      1603950.650585714029         5246.802335658798      1598703.848250055918
 30           14.273556344705      1603948.035220213002         5255.745054870361      1598692.290165343089
 31           12.285652801850      1603946.223585855914         5262.214919767945      1598684.008666088106
 32           10.056529539277      1603944.879353793105         5267.209745456814      1598677.669608335942
 33            8.578875017695      1603943.673011661042         5271.885234259589      1598671.787777401041
 34            7.717198915059      1603942.919174930081         5274.930466348226      1598667.988708582008
 35            6.631284301473      1603942.383317322005         5277.174122302606      1598665.209195019910
 36            5.470985983317      1603941.948564249091         5279.059555049110      1598662.889009200037
 37            4.688843856374      1603941.642378943041         5280.434379258548      1598661.207999683917
 38            4.019576179600      1603941.409219228895         5281.517213969494      1598659.892005260102
 39            3.347913693711      1603941.213367390912         5282.459863707862      1598658.753503683023
 40            2.809877474688      1603941.089059436927         5283.079270472644      1598658.009788963944
 41            2.464434182480      1603941.001171452925         5283.531083562835      1598657.470087890048
 42            2.064124680848      1603940.934110444970         5283.886586873661      1598657.047523572110
 43            1.762649313362      1603940.887348457938         5284.142011948904      1598656.745336509077
 44            1.502221569065      1603940.854696467053         5284.325437118907      1598656.529259348055
 45            1.241413931254      1603940.827947417041         5284.480046560781      1598656.347900856053

loop2: max_iter=50, norm_reduction(target=0.001, final=0.000961552)
  i                   resNorm                         J                        Jb                      JoJc
  0           56.291529529243      1604031.047585808905         5284.480046560781      1598746.567539247917
  1           45.213542092279      1604000.973891160917         5287.068093546039      1598713.905797614949
  2           42.372199652938      1603997.233307417016         5287.775167968481      1598709.458139448892
  3           24.181011094535      1603990.376906560967         5289.673525146098      1598700.703381414060
  4           23.512245103771      1603985.412362291943         5291.731846913592      1598693.680515378946
  5           18.112626241145      1603982.248717417009         5293.237315061082      1598689.011402355973
  6           14.259193543373      1603980.211333473912         5294.268767991636      1598685.942565482110
  7           13.628821971345      1603978.581773140002         5295.300387706070      1598683.281385434093
  8           12.049824879534      1603977.165180982091         5296.329268031083      1598680.835912951035
  9           10.686376376263      1603975.859747715062         5297.591064116735      1598678.268683599075
 10            9.227136315228      1603975.068060680060         5298.478478803005      1598676.589581876993
 11            9.253273004603      1603974.373346549924         5299.591680272429      1598674.781666277908
 12            7.785170025485      1603973.844890091103         5300.463318258903      1598673.381571832113
 13            6.728792927857      1603973.322674751980         5301.350793588271      1598671.971881164005
 14            6.863251526497      1603972.948000187054         5302.095461871486      1598670.852538316045
 15            5.318348123087      1603972.633546662051         5302.713190172471      1598669.920356489019
 16            4.939874454287      1603972.395705618896         5303.062721056113      1598669.332984562963
 17            4.304096767354      1603972.168865909101         5303.282657132791      1598668.886208775919
 18            4.047322112533      1603972.011995815905         5303.384654674572      1598668.627341140993
 19            3.277402033922      1603971.873738843948         5303.583386150500      1598668.290352693060
 20            2.966064995261      1603971.773284245050         5303.692411243713      1598668.080873002065
 21            2.710998645015      1603971.696313719964         5303.836073539994      1598667.860240180045
 22            2.225563773333      1603971.636394463014         5303.888214255789      1598667.748180208029
 23            1.954170469384      1603971.585252969060         5303.943423738138      1598667.641829229891
 24            1.793440099739      1603971.550270092906         5303.974715801511      1598667.575554291951
 25            1.542462353051      1603971.523277814034         5304.006536148158      1598667.516741666012
 26            1.356389764245      1603971.502443440957         5304.002656535933      1598667.499786905013
 27            1.200054340602      1603971.487021998037         5304.006405583166      1598667.480616413988
 28            1.016063738338      1603971.475653528934         5303.973569206296      1598667.502084322972
 29            0.817619421914      1603971.465646191034         5303.927709441195      1598667.537936750101
 30            0.727048282097      1603971.458606804023         5303.890898425323      1598667.567708378891
 31            0.674739736686      1603971.453878673958         5303.857983951683      1598667.595894722035
 32            0.545728927383      1603971.450072732056         5303.816959221063      1598667.633113510907
 33            0.444847940939      1603971.446611275896         5303.775843858093      1598667.670767418109
 34            0.368315814004      1603971.444525266066         5303.748216921178      1598667.696308345068
 35            0.330959805289      1603971.442975168116         5303.718744910308      1598667.724230258027
 36            0.295886002605      1603971.441820579115         5303.694971535078      1598667.746849043993
 37            0.240353876110      1603971.440966286929         5303.680696229065      1598667.760270057945
 38            0.195599497642      1603971.440339535940         5303.670601611280      1598667.769737923983
 39            0.183711140497      1603971.439890743000         5303.667678618446      1598667.772212123964
 40            0.147291580632      1603971.439595127013         5303.665759294592      1598667.773835832020
 41            0.126035099800      1603971.439387161983         5303.665159719014      1598667.774227442918
 42            0.106510732066      1603971.439195164945         5303.669220841137      1598667.769974323921
 43            0.089122728837      1603971.439057653071         5303.676418457713      1598667.762639194960
 44            0.073114036805      1603971.438972176984         5303.685336040867      1598667.753636136884
 45            0.060093235126      1603971.438897094922         5303.696394348217      1598667.742502747104
 46            0.054127228475      1603971.438852611929         5303.706221812849      1598667.732630799990

