loop1: max_iter=50, norm_reduction(target=0.001, final=0.00119277)
  i                   resNorm                         J                        Jb                      JoJc
  0         1240.397419024302      1303589.594029515050            0.000000000000      1303589.594029515050
  1          933.649241686176      1298010.219573727110           40.464977884789      1297969.754595841980
  2          708.501675997267      1294453.729627579916          137.515015794510      1294316.214611785952
  3          631.097017436081      1292103.979820861015          273.515572432722      1291830.464248429053
  4          506.175957106265      1290267.882778448053          454.961136862873      1289812.921641584951
  5          429.035436067958      1288912.740501109045          657.703149614417      1288255.037351493957
  6          368.648307800459      1288067.823146275943          829.799492614664      1287238.023653660901
  7          320.117039461694      1287224.593130219961         1056.530870895675      1286168.062259325059
  8          312.247355498073      1286611.763965988997         1269.676587092529      1285342.087378896074
  9          259.514456937686      1286100.223429898964         1490.637096943801      1284609.586332954932
 10          241.084993328838      1285736.963441248983         1678.801177010980      1284058.162264238112
 11          234.586302140733      1285426.237173130037         1867.309376324950      1283558.927796805045
 12          193.355585496561      1285191.289640888106         2031.097819797602      1283160.191821091110
 13          188.876258554739      1284974.409351726063         2203.079866158581      1282771.329485567054
 14          156.614253833335      1284802.669673884986         2356.935328284509      1282445.734345600009
 15          136.344539506669      1284648.348928720923         2512.023076682963      1282136.325852038106
 16          126.181675194494      1284550.105268168030         2621.161914383281      1281928.943353784969
 17          111.944410933577      1284437.868805194041         2758.888713692643      1281678.980091501027
 18           95.975906524421      1284366.587389149005         2855.159647854546      1281511.427741294028
 19           81.685091521132      1284303.555790155893         2947.673069597338      1281355.882720557973
 20           80.080580741846      1284253.299531514989         3027.814954480027      1281225.484577035997
 21           66.038221728256      1284213.901218906976         3095.672938030534      1281118.228280876996
 22           56.913619265561      1284182.086940102046         3154.555557280847      1281027.531382821035
 23           51.941140231970      1284156.002315151040         3206.361399828881      1280949.640915321885
 24           43.335333678780      1284137.462180216098         3245.651470510480      1280891.810709706042
 25           39.978359816388      1284122.727517860010         3278.783311964729      1280843.944205895066
 26           35.848907435868      1284112.022055439884         3304.219168244985      1280807.802887195023
 27           29.005667771081      1284102.427808065899         3328.274587890656      1280774.153220175067
 28           26.815539974873      1284095.076753821922         3347.742131059754      1280747.334622761933
 29           23.626428959044      1284090.327317686053         3360.938162598267      1280729.389155087993
 30           21.644457235467      1284085.994337514043         3373.534225612593      1280712.460111900931
 31           18.892175547641      1284083.022168134106         3382.560152371319      1280700.462015761994
 32           16.432797561630      1284080.483700985089         3390.589076850684      1280689.894624134060
 33           14.144629881192      1284078.530211872887         3397.023336614519      1280681.506875259103
 34           13.156076798944      1284077.174804351991         3401.655434014025      1280675.519370337017
 35           10.482335896089      1284076.004196441965         3405.799869025223      1280670.204327417072
 36           10.116626738546      1284075.044050023891         3409.328200529855      1280665.715849495027
 37            8.392415283919      1284074.351727975067         3411.965288609471      1280662.386439365102
 38            8.080039418561      1284073.859756811988         3413.900058269031      1280659.959698542953
 39            6.721712097362      1284073.427016711095         3415.656046727854      1280657.770969982957
 40            5.609918584100      1284073.052831481909         3417.226411418967      1280655.826420062920
 41            5.020173949774      1284072.799029828049         3418.326872453180      1280654.472157374956
 42            4.776359893566      1284072.601625690935         3419.209000651992      1280653.392625038978
 43            3.959078728837      1284072.466357744997         3419.830314964395      1280652.636042780941
 44            3.550621246395      1284072.354961920995         3420.355281340806      1280651.999680580106
 45            2.780276078095      1284072.259661646094         3420.816750548380      1280651.442911097081
 46            2.559201556787      1284072.182175364112         3421.203055410776      1280650.979119953001
 47            2.073993216727      1284072.122240778990         3421.510955017410      1280650.611285760999
 48            1.879222247549      1284072.081879808102         3421.724225869331      1280650.357653938932
 49            1.643924706771      1284072.052404019982         3421.884055958192      1280650.168348062085
 50            1.479512728695      1284072.030712089036         3422.004588772053      1280650.026123316959

loop2: max_iter=50, norm_reduction(target=0.001, final=0.00139113)
  i                   resNorm                         J                        Jb                      JoJc
  0           48.133154281180      1284057.124806917971         3422.004588772053      1280635.120218144963
  1           39.310612463411      1284046.437771338038         3422.636955166324      1280623.800816171104
  2           31.558904825966      1284039.811793762026         3423.487233744097      1280616.324560018023
  3           19.586530938216      1284035.438670048025         3424.453051088646      1280610.985618958948
  4           19.526644074766      1284033.421622758964         3425.141239295952      1280608.280383463018
  5           15.765498494215      1284031.832003156887         3425.829474757381      1280606.002528399928
  6           15.499826797804      1284030.519992578076         3426.813404684165      1280603.706587893888
  7           11.204703362705      1284029.292447060114         3427.943443843113      1280601.349003216950
  8           10.741581681330      1284028.234872108093         3429.272835163311      1280598.962036944926
  9            9.594643649332      1284027.707753072958         3429.887779444557      1280597.819973628968
 10            7.848847376532      1284027.062675511930         3430.725567882026      1280596.337107629981
 11            8.476491663046      1284026.610464185942         3431.351233401198      1280595.259230785072
 12            7.722066419831      1284026.314207768999         3431.783106702267      1280594.531101067085
 13            6.901076399053      1284026.020045459969         3432.205717559927      1280593.814327900065
 14            5.922152005374      1284025.678693030030         3432.690108991346      1280592.988584039034
 15            5.685680633426      1284025.475353006041         3432.966672762381      1280592.508680243976
 16            5.120631878822      1284025.291151541052         3433.168568609231      1280592.122582932003
 17            4.667226633297      1284025.150259908056         3433.268753465896      1280591.881506442092
 18            3.887446846646      1284025.015190412058         3433.322753450003      1280591.692436961923
 19            3.656318657057      1284024.905793525046         3433.447163177510      1280591.458630346926
 20            3.426236095396      1284024.826721664052         3433.510594853153      1280591.316126811085
 21            2.700056616002      1284024.751942282077         3433.555284553031      1280591.196657729102
 22            2.540923330310      1284024.696803370025         3433.545887167380      1280591.150916202925
 23            2.142625148045      1284024.654009236954         3433.516550791664      1280591.137458445970
 24            1.897089781188      1284024.620911031030         3433.459545145910      1280591.161365885055
 25            1.700377151281      1284024.594759548083         3433.421875310556      1280591.172884237021
 26            1.513401953416      1284024.573427203111         3433.382851149068      1280591.190576053923
 27            1.255811517598      1284024.555966196116         3433.325718154917      1280591.230248040985
 28            1.282064103136      1284024.544284228003         3433.305749819514      1280591.238534409087
 29            1.033670550209      1284024.534086043946         3433.289737722374      1280591.244348322041
 30            0.945856619873      1284024.524814748904         3433.279073481317      1280591.245741266990
 31            0.876194842310      1284024.519285486080         3433.275510363350      1280591.243775123032
 32            0.744571776769      1284024.514103804948         3433.286872305160      1280591.227231499972
 33            0.629786112488      1284024.509587421082         3433.298373022208      1280591.211214398965
 34            0.603740747058      1284024.506704136031         3433.315112156948      1280591.191591979004
 35            0.501954141945      1284024.504194121109         3433.329087223566      1280591.175106897019
 36            0.462611087677      1284024.501851882087         3433.347624417714      1280591.154227463994
 37            0.404408786659      1284024.500586756039         3433.358593834323      1280591.141992921010
 38            0.342533222681      1284024.499420064967         3433.366283338949      1280591.133136725985
 39            0.323946406907      1284024.498584820889         3433.370858078572      1280591.127726742066
 40            0.259304667303      1284024.497806238011         3433.378767307418      1280591.119038929930
 41            0.223283162019      1284024.497197238030         3433.389729686000      1280591.107467551949
 42            0.190101989570      1284024.496765160002         3433.401046500225      1280591.095718659926
 43            0.168393324051      1284024.496431072010         3433.411592668158      1280591.084838404087
 44            0.163647652078      1284024.496212543920         3433.420925267728      1280591.075287277112
 45            0.138669314058      1284024.496044733096         3433.429163325514      1280591.066881407052
 46            0.120620157434      1284024.495914737927         3433.439333350846      1280591.056581387995
 47            0.095869811726      1284024.495803561062         3433.450150658426      1280591.045652901987
 48            0.088038323212      1284024.495722963009         3433.458333747223      1280591.037389216013
 49            0.076230782610      1284024.495663800044         3433.466077556423      1280591.029586242978
 50            0.066959676913      1284024.495609088102         3433.476949967005      1280591.018659120891

