loop1: max_iter=50, norm_reduction(target=0.001, final=0.000960966)
  i                   resNorm                         J                        Jb                      JoJc
  0         1308.850536717535      1092724.372927329037            0.000000000000      1092724.372927329037
  1          701.335052744277      1087925.353108945070           26.887781589012      1087898.465327356011
  2          494.262545663600      1086111.309805714060           64.437548901238      1086046.872256813105
  3          369.804214325201      1085348.882736034924           95.259058904597      1085253.623677131021
  4          372.627720767317      1084456.229191106046          162.825904850091      1084293.403286255896
  5          356.459689651547      1083902.734303259058          231.582116052736      1083671.152187206084
  6          251.511024597448      1083352.679185209097          330.440469622177      1083022.238715586951
  7          243.931783362442      1082901.057055694982          444.380193826033      1082456.676861868938
  8          177.973628424991      1082447.230668359902          602.701354417208      1081844.529313941952
  9          161.383753138786      1082146.449146629078          741.356328693443      1081405.092817934928
 10          146.973284076589      1081949.320774283027          853.524340280262      1081095.796434001997
 11          130.854002032878      1081747.922881942010          993.014360383229      1080754.908521557925
 12          102.925697988590      1081608.629580416018         1108.647882985976      1080499.981697429903
 13           82.828497690211      1081499.152734678006         1214.667072677483      1080284.485662000952
 14           72.521480183400      1081417.897565600928         1305.533085007144      1080112.364480593940
 15           61.901049806574      1081358.394517814973         1381.402894574245      1079976.991623240989
 16           54.896072188081      1081317.739997982047         1439.531555814071      1079878.208442168077
 17           43.875040512912      1081287.942558750976         1486.620577027052      1079801.321981723886
 18           37.140853648390      1081260.857679917011         1534.065910439753      1079726.791769478004
 19           30.827851841525      1081244.237784608966         1566.164270076656      1079678.073514532065
 20           29.149890099783      1081233.130531007890         1589.417829850907      1079643.712701156968
 21           22.373801786812      1081223.998000551946         1610.048149896021      1079613.949850656092
 22           18.018468918165      1081217.718822271097         1625.306343527028      1079592.412478744052
 23           17.428021264877      1081213.137562114047         1637.237701192189      1079575.899860922014
 24           12.988999239546      1081209.999231609050         1645.951331881553      1079564.047899727011
 25           11.484109151785      1081207.872710041935         1652.202662710901      1079555.670047330903
 26            9.413135897664      1081206.109477027087         1657.694221667404      1079548.415255358908
 27            7.724369850440      1081204.833509394899         1661.911352911462      1079542.922156484099
 28            7.522441774273      1081204.141953824088         1664.316139578467      1079539.825814245967
 29            6.090479157434      1081203.596645551967         1666.296612930816      1079537.300032621017
 30            4.961367088853      1081203.168181349989         1667.922981525369      1079535.245199824916
 31            4.053270228418      1081202.830605733907         1669.264964925520      1079533.565640809014
 32            3.183128357433      1081202.617842341075         1670.149051692994      1079532.468790648039
 33            2.940799205793      1081202.458342465106         1670.840679678954      1079531.617662786040
 34            2.397896141582      1081202.365700738970         1671.258371035813      1079531.107329702936
 35            2.187731229564      1081202.287025298923         1671.626435953076      1079530.660589345964
 36            1.675177726068      1081202.233618075028         1671.885791367314      1079530.347826708108
 37            1.434692121920      1081202.188977842918         1672.110977975579      1079530.077999867965
 38            1.257760506418      1081202.166309803957         1672.229348012641      1079529.936961791012

loop2: max_iter=50, norm_reduction(target=0.001, final=0.000845614)
  i                   resNorm                         J                        Jb                      JoJc
  0           38.568633766103      1081219.203155535972         1672.229348012641      1079546.973807523958
  1           36.452812378822      1081212.979687012965         1672.483563855234      1079540.496123156976
  2           47.544027683625      1081203.069692377932         1672.266001583382      1079530.803690795088
  3           29.582507308020      1081194.573831711896         1672.676887456944      1079521.896944255102
  4           30.414714169793      1081189.299359573983         1673.391000070180      1079515.908359504072
  5           27.121991762007      1081184.637136073085         1673.450145378234      1079511.186990695074
  6           22.223891089507      1081182.321513171075         1673.584039795677      1079508.737473374931
  7           18.306362776120      1081179.627087790985         1674.010207847361      1079505.616879943991
  8           17.760035380118      1081176.364471369889         1674.760671954781      1079501.603799415054
  9           16.815241037195      1081173.826637309976         1676.011665979343      1079497.814971331041
 10           13.458944546568      1081171.631969939917         1676.909436090316      1079494.722533849068
 11           10.991243367897      1081169.653558264021         1678.040513845222      1079491.613044419093
 12            9.361845464838      1081168.445704936981         1678.927886207912      1079489.517818728928
 13            7.949259108801      1081167.359420900000         1679.999550400981      1079487.359870499000
 14            7.145131873414      1081166.454245612025         1680.414281060380      1079486.039964552037
 15            5.910990765650      1081165.800681370078         1680.715094362182      1079485.085587007925
 16            5.906124209301      1081165.403139326954         1680.958534461154      1079484.444604865974
 17            3.929832870057      1081165.005498576909         1681.201813767185      1079483.803684809944
 18            3.763905664944      1081164.782730913954         1681.244481749633      1079483.538249165053
 19            3.083009431334      1081164.572527518030         1681.541407994273      1079483.031119524036
 20            2.638289989494      1081164.463426888920         1681.711352426815      1079482.752074461896
 21            2.234395042248      1081164.363946822006         1681.854249439511      1079482.509697382106
 22            2.126893734322      1081164.308380146977         1681.972343642257      1079482.336036504945
 23            1.778504222224      1081164.267853911035         1681.989638281747      1079482.278215629049
 24            1.394985122951      1081164.228366781957         1682.041033531896      1079482.187333249953
 25            1.316741185022      1081164.205484163947         1682.064606804361      1079482.140877360012
 26            1.056610601070      1081164.187644741964         1682.028290334187      1079482.159354408039
 27            0.894583183862      1081164.173723122105         1682.022501934345      1079482.151221187087
 28            0.715609136284      1081164.162439689040         1681.996268219806      1079482.166171469027
 29            0.654182058023      1081164.156561668031         1681.990618655808      1079482.165943012107
 30            0.560608209998      1081164.151946267113         1681.986181032801      1079482.165765234036
 31            0.455125191304      1081164.148019637913         1681.982343575546      1079482.165676061995
 32            0.391695123962      1081164.146034694044         1681.985208098799      1079482.160826595034
 33            0.334665661856      1081164.144170562970         1681.970590831918      1079482.173579731025
 34            0.274881583467      1081164.142895078054         1681.955677201950      1079482.187217876082
 35            0.230270122492      1081164.141939291963         1681.944504519728      1079482.197434772039
 36            0.203873197155      1081164.141343852971         1681.937318651270      1079482.204025201034
 37            0.163376024438      1081164.140925077023         1681.932377136525      1079482.208547940943
 38            0.127555770402      1081164.140518974978         1681.929937064035      1079482.210581911029
 39            0.104356848211      1081164.140268051997         1681.929220739913      1079482.211047312012
 40            0.094480660086      1081164.140075551113         1681.928674261835      1079482.211401289096
 41            0.071851502779      1081164.139977461891         1681.930534493279      1079482.209442968015
 42            0.064094356810      1081164.139892670093         1681.930102697739      1079482.209789972054
 43            0.044973117054      1081164.139838661999         1681.925864871478      1079482.213973789942
 44            0.040585522312      1081164.139803114114         1681.924634150454      1079482.215168963885
 45            0.032614165063      1081164.139775088988         1681.920553982089      1079482.219221106963

