loop1: max_iter=50, norm_reduction(target=0.001, final=0.0008998)
  i                   resNorm                         J                        Jb                      JoJc
  0         1301.610501954752      1340679.174838236999            0.000000000000      1340679.174838236999
  1         1183.859955730207      1336124.024477076950           24.494768653128      1336099.529708423885
  2          684.405310808611      1334057.420806031907           57.856930656904      1333999.563875375083
  3          484.952432509341      1332583.370058849920          104.539603041017      1332478.830455808900
  4          458.763132998985      1331158.390281210886          195.346954782594      1330963.043326427927
  5          382.867589086795      1330466.433581419056          266.523318851676      1330199.910262566991
  6          339.187485217867      1329618.140586748021          396.112225856103      1329222.028360892087
  7          296.712236140037      1328865.264412032906          567.423315069461      1328297.841096963966
  8          230.337863308108      1328357.967491104966          724.444642817305      1327633.522848288063
  9          213.952008732686      1327935.860467022052          892.661004239750      1327043.199462781893
 10          170.787014111919      1327573.815645789960         1075.693228417083      1326498.122417372884
 11          178.088892538912      1327340.828744444065         1219.386052999838      1326121.442691443954
 12          135.730796635101      1327145.010352177080         1361.767362047979      1325783.242990128929
 13          127.870074130952      1326981.537653862033         1500.660522217162      1325480.877131643938
 14          105.369943412325      1326880.234783072956         1598.721437725902      1325281.513345347019
 15           93.961864660971      1326783.953532342101         1703.531625241244      1325080.421907101059
 16           89.158309035230      1326722.854840199929         1777.644873263543      1324945.209966937080
 17           76.351644574241      1326672.039294688031         1845.218540576742      1324826.820754111046
 18           59.228606035410      1326627.626261075959         1909.948991676731      1324717.677269398933
 19           55.688158545292      1326591.975318246987         1966.983273116101      1324624.992045130115
 20           41.307405000665      1326563.722658199957         2016.477164374926      1324547.245493825059
 21           35.879996086998      1326540.651171085890         2060.761633278177      1324479.889537808020
 22           29.268408985393      1326523.389548595995         2097.080200531198      1324426.309348064940
 23           29.453809119325      1326514.033913274994         2118.329667565832      1324395.704245709116
 24           21.302454867064      1326505.798376302933         2138.321319229856      1324367.477057073032
 25           19.523606689808      1326499.965253392002         2153.460336569028      1324346.504916823003
 26           17.543227711162      1326496.411688832100         2163.233415729008      1324333.178273102967
 27           13.734784690890      1326493.464619603008         2171.773479221037      1324321.691140383016
 28           11.128399270909      1326491.084724707063         2179.062905959757      1324312.021818747977
 29            9.634038084961      1326489.353321210947         2184.676845347781      1324304.676475863904
 30            8.724906343180      1326488.367161883973         2188.037406910198      1324300.329754973995
 31            6.636852173873      1326487.442371211015         2191.343070453954      1324296.099300757051
 32            5.280442033163      1326486.791842289967         2193.790930518438      1324293.000911772018
 33            4.456905809803      1326486.353905766038         2195.522295626682      1324290.831610138994
 34            3.620956454665      1326486.042104083113         2196.815733391461      1324289.226370691089
 35            3.214651739703      1326485.831807527924         2197.729832567071      1324288.101974961115
 36            2.290280180285      1326485.700685678050         2198.324203203306      1324287.376482473919
 37            2.170808330815      1326485.600845731096         2198.795902793626      1324286.804942938033
 38            1.718350288932      1326485.538960918086         2199.100375353813      1324286.438585564028
 39            1.458603995866      1326485.495737228077         2199.320981265231      1324286.174755963031
 40            1.171189720485      1326485.464780165115         2199.484813589914      1324285.979966575047

loop2: max_iter=50, norm_reduction(target=0.001, final=0.000939967)
  i                   resNorm                         J                        Jb                      JoJc
  0           22.884915007233      1326535.813061414985         2199.484813589914      1324336.328247826081
  1           33.117211429191      1326526.106495278887         2199.030238023192      1324327.076257256093
  2           42.229054873863      1326520.809607079951         2199.040536928573      1324321.769070151960
  3           26.608802585946      1326518.109613616019         2199.191143705415      1324318.918469910044
  4           30.393489252312      1326515.352911863942         2199.250481417537      1324316.102430447005
  5           24.429863232904      1326510.690398111008         2199.508337767865      1324311.182060342981
  6           18.536032482917      1326507.936344540911         2199.550471903835      1324308.385872638086
  7           15.634006415204      1326505.286712605972         2199.855533449453      1324305.431179156993
  8           15.207365275137      1326503.574960948899         2200.074827986260      1324303.500132963061
  9           13.106048813815      1326502.061749028973         2200.489338575293      1324301.572410453111
 10           12.041135570948      1326501.248922718922         2200.654791213998      1324300.594131504884
 11           11.695816664683      1326500.040845873067         2201.293088722902      1324298.747757150093
 12            9.012157454496      1326499.028901404934         2201.910339258789      1324297.118562147021
 13            7.376760218376      1326498.167186602950         2202.356071585044      1324295.811115018092
 14            8.126285782337      1326497.571807760047         2202.473866195341      1324295.097941563930
 15            6.806678124159      1326497.248737669084         2202.574854664380      1324294.673883005045
 16            5.777890405303      1326496.805247603916         2202.616826976962      1324294.188420627033
 17            5.035140241652      1326496.582869735081         2202.458687930504      1324294.124181804014
 18            4.185807714694      1326496.288740939926         2202.208241188951      1324294.080499751028
 19            4.608896468670      1326496.133334300015         2202.082495170096      1324294.050839130068
 20            3.599116079910      1326496.012371083954         2201.950572945239      1324294.061798139010
 21            2.867155855031      1326495.889854602050         2201.832388332766      1324294.057466269005
 22            2.668642364102      1326495.811518406030         2201.767495868113      1324294.044022538001
 23            2.204077106802      1326495.735145492945         2201.687164228448      1324294.047981264070
 24            1.953080673818      1326495.685673874104         2201.619814026506      1324294.065859847004
 25            1.561184630060      1326495.648418440949         2201.629132969428      1324294.019285470946
 26            1.359063420739      1326495.616031656042         2201.626849908533      1324293.989181746962
 27            1.120779878283      1326495.595255041961         2201.679831343191      1324293.915423698025
 28            1.034285058704      1326495.581323497929         2201.642447424066      1324293.938876074040
 29            0.771214393853      1326495.568256658968         2201.662451908248      1324293.905804750975
 30            0.629789377292      1326495.560246092035         2201.706825695783      1324293.853420397034
 31            0.567099422985      1326495.554455735954         2201.714053873607      1324293.840401862049
 32            0.515108199754      1326495.550584706012         2201.754532523313      1324293.796052183025
 33            0.363124549870      1326495.547860343941         2201.785676410454      1324293.762183933984
 34            0.277527153166      1326495.545692211948         2201.804078367240      1324293.741613845108
 35            0.255042890936      1326495.544324682094         2201.819635014054      1324293.724689668044
 36            0.207132289886      1326495.543428676901         2201.831363280653      1324293.712065395899
 37            0.172842983611      1326495.542770338943         2201.853022839325      1324293.689747500001
 38            0.130901278698      1326495.542277317028         2201.866731358326      1324293.675545958104
 39            0.106826990546      1326495.541996740969         2201.873988036448      1324293.668008703971
 40            0.099325343619      1326495.541825691937         2201.875743734127      1324293.666081957985
 41            0.078725275597      1326495.541703965981         2201.885476098148      1324293.656227868050
 42            0.063596297398      1326495.541594282025         2201.882918259953      1324293.658676021965
 43            0.052425130431      1326495.541533770971         2201.882176091261      1324293.659357680008
 44            0.044563815998      1326495.541489644907         2201.881358884656      1324293.660130759934
 45            0.031751267895      1326495.541458169930         2201.878534823905      1324293.662923346972
 46            0.028289105163      1326495.541437043110         2201.875800024839      1324293.665637017926
 47            0.021511058946      1326495.541424296098         2201.874044753397      1324293.667379542021

