loop1: max_iter=50, norm_reduction(target=0.001, final=0.000846973)
  i                   resNorm                         J                        Jb                      JoJc
  0         1775.136003897541        37130.907192299339            0.000000000000        37130.907192299339
  1          939.958773117291        29724.192876637891           34.819130206155        29689.373746431738
  2          867.325241826537        27557.497666060801           68.797061247915        27488.700604812879
  3          573.133858460451        25240.909467793539          149.495797932379        25091.413669861169
  4          399.920986173631        23201.707310703361          295.209804233041        22906.497506470321
  5          410.061845672455        21879.015686878589          463.387393426062        21415.628293452530
  6          365.717045341148        20928.840701199260          647.094730204426        20281.745970994831
  7          314.546183109679        20137.982984573078          858.982516672789        19279.000467900289
  8          270.215856675008        19605.258841151001         1043.406461089831        18561.852380061169
  9          238.527825786564        19070.741180680569         1276.901014063757        17793.840166616810
 10          198.429417763699        18686.430438724590         1484.790568753111        17201.639869971470
 11          168.918623505337        18343.210279986492         1709.835368104405        16633.374911882082
 12          160.987860490039        18076.493433353349         1919.726984880549        16156.766448472799
 13          131.253327087440        17917.851489410379         2063.694950268432        15854.156539141950
 14          119.335736284311        17764.364954359429         2221.615635863719        15542.749318495709
 15           90.991212236912        17636.236081362749         2371.913518939500        15264.322562423249
 16           84.194078935027        17541.326810936491         2497.874383072542        15043.452427863949
 17           73.783359011370        17479.002663664949         2589.817771264491        14889.184892400461
 18           65.196913873998        17425.075313428850         2677.413815761112        14747.661497667739
 19           49.900446385238        17385.999536004700         2746.980876674285        14639.018659330410
 20           46.084703303546        17360.326778370549         2796.457107861078        14563.869670509470
 21           40.065099642477        17339.625891065130         2839.398105935171        14500.227785129960
 22           32.070076957080        17324.155046054369         2873.856014503779        14450.299031550590
 23           33.932032681611        17312.083827007180         2902.668005427435        14409.415821579740
 24           26.474197010709        17305.771298661210         2918.603212894467        14387.168085766740
 25           22.292204369271        17299.327956457480         2935.695794971139        14363.632161486339
 26           19.657685055692        17294.379463819521         2949.568394790863        14344.811069028650
 27           16.596027670881        17290.734632568270         2960.340566140481        14330.394066427791
 28           15.248572738329        17287.885344195882         2969.203075051410        14318.682269144470
 29           12.047667900927        17285.895084992801         2975.696800556072        14310.198284436730
 30           10.763719651221        17284.345498420229         2980.986234586899        14303.359263833330
 31            9.547342586780        17283.155151297051         2985.237994792836        14297.917156504220
 32            7.784984999843        17282.336732151831         2988.287078573303        14294.049653578530
 33            6.764159186247        17281.723009635269         2990.664663402085        14291.058346233180
 34            5.645745259954        17281.294902841171         2992.385823796168        14288.909079045010
 35            4.907987337610        17280.925891882722         2993.926836489396        14286.999055393329
 36            4.362932524260        17280.689216059509         2994.952684979234        14285.736531080271
 37            3.362246292096        17280.494058546112         2995.828872730719        14284.665185815389
 38            2.865544010879        17280.330253729269         2996.593569122645        14283.736684606631
 39            2.610794462747        17280.239677382291         2997.032094613209        14283.207582769081
 40            2.159527307441        17280.167277906748         2997.394037433302        14282.773240473451
 41            1.972981033887        17280.119989690578         2997.637803000880        14282.482186689700
 42            1.503491645070        17280.082274451292         2997.837952466492        14282.244321984799

loop2: max_iter=50, norm_reduction(target=0.001, final=0.000946081)
  i                   resNorm                         J                        Jb                      JoJc
  0           46.508955000187        17323.416135421110         2997.837952466492        14325.578182954619
  1           69.141525728223        17303.328771859658         2999.468379199819        14303.860392659841
  2           44.802661613027        17294.189127859750         3000.243765880442        14293.945361979309
  3           36.779482938426        17287.590634997410         3000.613374746991        14286.977260250420
  4           29.762820339569        17277.844017571511         3003.760521958382        14274.083495613129
  5           27.125542509876        17271.799987177361         3005.527755099799        14266.272232077559
  6           22.081205829356        17266.699693778450         3007.578969343429        14259.120724435021
  7           18.883432638563        17262.824219890041         3009.149102560097        14253.675117329940
  8           16.492640057057        17259.211416451570         3010.564408165594        14248.647008285980
  9           18.198287621507        17257.628158511699         3011.278780059461        14246.349378452240
 10           15.045124217575        17255.649627209252         3012.470322638578        14243.179304570671
 11           11.580016718519        17254.037540491659         3013.284643837006        14240.752896654651
 12           12.153145810088        17252.646078382899         3014.109675825482        14238.536402557420
 13           10.852651555679        17251.565525091330         3014.921603602803        14236.643921488530
 14            9.425428816631        17250.822001532269         3015.367323281913        14235.454678250360
 15            7.827552540825        17250.091632504609         3015.780142482903        14234.311490021710
 16            7.435978739033        17249.507299283661         3015.915925463830        14233.591373819831
 17            6.535237131428        17249.095323483802         3016.185004787916        14232.910318695889
 18            5.874724419541        17248.777074584490         3016.397215009024        14232.379859575471
 19            4.937168478158        17248.480237966440         3016.509018204257        14231.971219762179
 20            4.358700182353        17248.293560927141         3016.611597701747        14231.681963225390
 21            3.562859111212        17248.127738825358         3016.664876273089        14231.462862552269
 22            3.106713946943        17247.999085234369         3016.721767864080        14231.277317370290
 23            2.718558743841        17247.915800540581         3016.687197867145        14231.228602673429
 24            2.266039607491        17247.839892884560         3016.674060633954        14231.165832250610
 25            1.951965835506        17247.787401755340         3016.607049748141        14231.180352007201
 26            1.650159124909        17247.748108597061         3016.545522654807        14231.202585942259
 27            1.561627259846        17247.718063521312         3016.508654370646        14231.209409150661
 28            1.268570680100        17247.696694450118         3016.450418252682        14231.246276197440
 29            1.104902834919        17247.680612529552         3016.444631488937        14231.235981040611
 30            0.986032093949        17247.668770317829         3016.461636071186        14231.207134246641
 31            0.865575386008        17247.659052979750         3016.468054508777        14231.190998470980
 32            0.718620495483        17247.651870904461         3016.495988395188        14231.155882509280
 33            0.556534870055        17247.646271473299         3016.512559310755        14231.133712162540
 34            0.470856281133        17247.642465812001         3016.530496030873        14231.111969781130
 35            0.455814959210        17247.639466219389         3016.546721778487        14231.092744440901
 36            0.354232904084        17247.637618078661         3016.578248728944        14231.059369349719
 37            0.299484736897        17247.636171731530         3016.606039291824        14231.030132439710
 38            0.283733598590        17247.635083335699         3016.644907516822        14230.990175818870
 39            0.219037816017        17247.634437260531         3016.662377444868        14230.972059815669
 40            0.187868710296        17247.633816062811         3016.683788475728        14230.950027587080
 41            0.166974926061        17247.633380385349         3016.692207727689        14230.941172657660
 42            0.139323977646        17247.633093029570         3016.703023662995        14230.930069366579
 43            0.129722130878        17247.632880974819         3016.708986947322        14230.923894027490
 44            0.102062130340        17247.632737855340         3016.714711353012        14230.918026502330
 45            0.081598553239        17247.632604899980         3016.719033259581        14230.913571640400
 46            0.073068409230        17247.632524116390         3016.722107339058        14230.910416777329
 47            0.065042349830        17247.632456626528         3016.721812709839        14230.910643916690
 48            0.049449259287        17247.632419371130         3016.722525585084        14230.909893786040
 49            0.044001230023        17247.632384530029         3016.721356169435        14230.911028360601

