loop1: max_iter=50, norm_reduction(target=0.001, final=0.000891852)
  i                   resNorm                         J                        Jb                      JoJc
  0         1312.517830053208      1732469.034275141079            0.000000000000      1732469.034275141079
  1         1221.351963740626      1728070.898615317885           22.457262422514      1728048.441352895927
  2          772.406390606189      1725099.132979288930           74.899096980048      1725024.233882308938
  3          638.543856286451      1722255.149355748901          193.578082365295      1722061.571273383917
  4          720.311383630215      1719945.212830839911          385.837069376792      1719559.375761463074
  5          522.576729527902      1718537.190745756961          566.994070783394      1717970.196674973005
  6          500.974614688882      1717422.183278765995          760.668180979116      1716661.515097786905
  7          497.122550525286      1716142.741708080983         1063.155658345183      1715079.586049736012
  8          440.482717049471      1715416.542502929922         1282.671129811453      1714133.871373117901
  9          365.864092340906      1714625.566527809016         1573.817384461881      1713051.749143346911
 10          341.900025283580      1713991.377408944070         1856.923348902411      1712134.454060042044
 11          253.870332629458      1713343.859281535959         2205.644841332421      1711138.214440203039
 12          219.431131016235      1712719.387794951908         2617.885771028810      1710101.502023922978
 13          211.556019636131      1712417.269039154053         2852.301309914257      1709564.967729239957
 14          162.470115541934      1712048.877677076031         3181.977036232262      1708866.900640843902
 15          152.228243892720      1711802.734704962932         3436.734024783801      1708366.000680179102
 16          136.089771598907      1711627.243427762063         3641.253063100010      1707985.990364661906
 17          118.699277334247      1711488.496545594884         3820.710902348020      1707667.785643246956
 18           98.531964048658      1711374.445422237040         3983.557177605996      1707390.888244631002
 19           81.062304420886      1711277.535704297014         4136.326290939684      1707141.209413358010
 20           79.330951923188      1711208.750249433098         4255.496270476182      1706953.253978956956
 21           66.670163462399      1711170.490832275944         4326.832333060616      1706843.658499215031
 22           52.726245890585      1711127.411120779114         4413.029153066431      1706714.381967712892
 23           43.595554969607      1711096.472364888061         4479.945140513331      1706616.527224374935
 24           40.925743953537      1711073.957990223076         4532.311451143154      1706541.646539079957
 25           33.285837369503      1711057.529672615929         4573.185628054266      1706484.344044561032
 26           27.857032249873      1711044.948633521097         4606.544766182993      1706438.403867338086
 27           25.975331323823      1711037.409054585965         4627.692903020479      1706409.716151566012
 28           21.421563853453      1711030.441716280999         4648.313348950559      1706382.128367329948
 29           17.477480821601      1711025.926200129092         4662.398871599248      1706363.527328528930
 30           15.001716693683      1711022.062454449944         4675.085120376370      1706346.977334073978
 31           14.076412977788      1711019.899978033965         4682.528075363800      1706337.371902670944
 32           10.183342734773      1711017.983314899029         4689.412184780709      1706328.571130118100
 33            9.429547930624      1711016.513893852010         4694.940975438589      1706321.572918412974
 34            7.392026678826      1711015.477266950067         4699.024957860447      1706316.452309089946
 35            5.870095017230      1711014.692615065025         4702.258623451472      1706312.433991614031
 36            4.976680865340      1711014.117447858909         4704.742393696688      1706309.375054162927
 37            4.098263972538      1711013.764366778079         4706.335692371416      1706307.428674405906
 38            3.475402429034      1711013.508414709941         4707.538906164562      1706305.969508545008
 39            2.911466977247      1711013.334058711072         4708.391961507270      1706304.942097204039
 40            2.425823863260      1711013.224567709025         4708.947390885605      1706304.277176823001
 41            1.911824451650      1711013.141209016088         4709.385153990657      1706303.756055024918
 42            1.665886621673      1711013.081874941941         4709.708157048521      1706303.373717894079
 43            1.412412795815      1711013.045495993923         4709.912954775068      1706303.132541219005
 44            1.170571367276      1711013.019210123923         4710.065558395139      1706302.953651729040

loop2: max_iter=50, norm_reduction(target=0.001, final=0.000946682)
  i                   resNorm                         J                        Jb                      JoJc
  0           42.748804013872      1711124.461980194086         4710.065558395139      1706414.396421798971
  1           43.314272758631      1711099.127229237929         4713.034435104975      1706386.092794132885
  2           33.250667326252      1711095.485159670934         4713.646353313823      1706381.838806357002
  3           31.702865538555      1711089.995063723996         4715.061833818274      1706374.933229906019
  4           32.327538689962      1711087.552021428943         4715.813699012077      1706371.738322417019
  5           23.812554012042      1711083.995405049063         4717.278196130515      1706366.717208917951
  6           23.188270050432      1711079.823694308056         4719.178953926457      1706360.644740381977
  7           20.900758033369      1711078.169070862001         4720.228743869282      1706357.940326991957
  8           21.676525655088      1711076.208944760030         4721.782367056676      1706354.426577703096
  9           13.052613737637      1711074.204791388940         4723.502705855780      1706350.702085534111
 10           12.800895835621      1711072.125908856979         4725.688023683604      1706346.437885174062
 11           13.042145564019      1711070.901129923062         4727.185015386136      1706343.716114537092
 12           11.874873854029      1711069.873135525966         4728.396323783470      1706341.476811743109
 13           10.998746079667      1711069.228778616060         4729.241150308205      1706339.987628307892
 14            9.319760728117      1711068.517773031024         4730.229193492508      1706338.288579538930
 15            8.331979501003      1711067.762989931973         4731.288389551999      1706336.474600380054
 16            7.340575023148      1711067.249230649089         4732.166083680426      1706335.083146969089
 17            6.575975271808      1711066.900788688101         4732.560258979316      1706334.340529708890
 18            6.085012741771      1711066.457557189977         4733.024622962910      1706333.432934226934
 19            5.118411510441      1711066.145386525895         4733.298505603195      1706332.846880923025
 20            5.055976805219      1711065.891008957056         4733.540640954619      1706332.350368001964
 21            4.458785884928      1711065.732965928037         4733.704622855351      1706332.028343071928
 22            3.203939028037      1711065.578969293972         4733.746345877745      1706331.832623416092
 23            3.116015250404      1711065.445639031008         4733.687613922759      1706331.758025107905
 24            2.452062291241      1711065.362465860089         4733.531990028212      1706331.830475832103
 25            2.089549718646      1711065.297406286933         4733.336081568909      1706331.961324719014
 26            1.756631869394      1711065.245662631933         4733.106871550144      1706332.138791081961
 27            1.407263925261      1711065.208115633111         4732.922410077455      1706332.285705555929
 28            1.174401128562      1711065.182076662080         4732.766744255280      1706332.415332406992
 29            0.975190987402      1711065.164146797033         4732.679809883627      1706332.484336914029
 30            0.875112106359      1711065.151241471060         4732.591540947891      1706332.559700523037
 31            0.851574627518      1711065.144178606104         4732.557067596115      1706332.587111009983
 32            0.598842610211      1711065.137599697104         4732.501711609525      1706332.635888088029
 33            0.495395421768      1711065.131946692010         4732.435093770947      1706332.696852921043
 34            0.479599844862      1711065.128599307034         4732.374409273026      1706332.754190034000
 35            0.414799730644      1711065.126595437992         4732.321514089279      1706332.805081349099
 36            0.312539169407      1711065.124707316048         4732.274697129124      1706332.850010186899
 37            0.256616200129      1711065.123566386057         4732.255482564789      1706332.868083822075
 38            0.212351268324      1711065.122631859034         4732.236338889651      1706332.886292969109
 39            0.171482896300      1711065.121891829884         4732.228855890943      1706332.893035938963
 40            0.148128829451      1711065.121465414064         4732.225664547164      1706332.895800866885
 41            0.124961309825      1711065.121163790114         4732.233986557112      1706332.887177232886
 42            0.106026921455      1711065.120961314999         4732.235747206112      1706332.885214108974
 43            0.081131821587      1711065.120819081087         4732.242936487954      1706332.877882593079
 44            0.067367849561      1711065.120717237005         4732.249454188127      1706332.871263049077
 45            0.058955707437      1711065.120653467951         4732.255404449613      1706332.865249017952
 46            0.047519719539      1711065.120603058022         4732.264271405234      1706332.856331652962
 47            0.040469521725      1711065.120571064064         4732.270910775480      1706332.849660289008

