loop1: max_iter=50, norm_reduction(target=0.001, final=0.000867487)
  i                   resNorm                         J                        Jb                      JoJc
  0         1161.857189071968      1449404.633049793076            0.000000000000      1449404.633049793076
  1         1078.440204659741      1446094.383973461110           16.234758873135      1446078.149214586942
  2          695.396958470833      1442620.122735738056           88.953324147796      1442531.169411590090
  3          684.018455731810      1440758.837957608979          174.030596635182      1440584.807360972976
  4          465.795086494964      1438294.148976170924          390.884734207843      1437903.264241962926
  5          479.839050953264      1437118.542856660904          556.752243265339      1436561.790613394929
  6          364.513523388648      1435794.697372942930          827.681695666889      1434967.015677276067
  7          313.157364324790      1434917.795039284043         1075.678693009895      1433842.116346274037
  8          326.053278296104      1434207.003734255908         1337.297664486151      1432869.706069770036
  9          244.229546696565      1433576.873422339093         1631.588271427535      1431945.285150910961
 10          196.327696125097      1433018.302931451006         1958.544137504325      1431059.758793947054
 11          198.696232075637      1432628.861891289009         2237.679136307153      1430391.182754982030
 12          154.234647169581      1432362.068573693046         2462.133365250706      1429899.935208441922
 13          121.470803559074      1432105.006862567971         2713.561974440522      1429391.444888127036
 14          109.625741058528      1431913.618528912077         2931.806741564154      1428981.811787348008
 15           97.520871798307      1431781.976184515050         3103.494057296363      1428678.482127218973
 16           85.757772972151      1431698.069029781036         3225.364201913779      1428472.704827866983
 17           73.823152138444      1431632.381643363042         3329.964889902760      1428302.416753459955
 18           66.984045930479      1431583.819881753065         3414.197273341391      1428169.622608410893
 19           51.884062194796      1431544.432400630089         3488.248679802103      1428056.183720828034
 20           45.485895704393      1431514.017270182958         3550.154328767199      1427963.862941415980
 21           37.503277014711      1431492.138610271970         3598.172772323383      1427893.965837948024
 22           30.897655083114      1431474.528733545914         3639.773907748492      1427834.754825796932
 23           26.487337679795      1431461.146243409021         3673.850798759274      1427787.295444650110
 24           22.016372800079      1431452.105198174948         3698.550704811005      1427753.554493363947
 25           18.511382414123      1431446.642035472905         3714.389731207072      1427732.252304265974
 26           15.819098204797      1431441.942922784016         3728.816000885350      1427713.126921898918
 27           13.432791666491      1431439.015442962991         3738.317064944494      1427700.698378018104
 28           10.712187606800      1431436.558535089949         3746.727330069446      1427689.831205019960
 29            8.777282561870      1431435.021244627889         3752.270406940633      1427682.750837686937
 30            7.725827737720      1431433.860254768981         3756.668458807353      1427677.191795961931
 31            6.337712823464      1431433.121505938005         3759.600918917356      1427673.520587020088
 32            5.140877020422      1431432.534423819976         3762.038724392680      1427670.495699427091
 33            4.559941070554      1431432.171717183897         3763.611871447866      1427668.559845736017
 34            3.677696271915      1431431.926239755005         3764.718400163002      1427667.207839591894
 35            2.925891694745      1431431.720846021082         3765.681744161775      1427666.039101859089
 36            2.550535083885      1431431.594504623907         3766.298389147390      1427665.296115477104
 37            2.098736458488      1431431.496132517932         3766.797392442767      1427664.698740075110
 38            1.796003006452      1431431.436216806993         3767.112686771316      1427664.323530036025
 39            1.408976600271      1431431.391206488945         3767.357792974217      1427664.033413514961
 40            1.262842492742      1431431.361647790065         3767.524266807746      1427663.837380982004
 41            1.007896491862      1431431.341718127020         3767.640073700261      1427663.701644426910

loop2: max_iter=50, norm_reduction(target=0.001, final=0.000845433)
  i                   resNorm                         J                        Jb                      JoJc
  0           38.456530648630      1431447.375917760888         3767.640073700261      1427679.735844060080
  1           29.567270901260      1431428.980737563921         3770.301132352118      1427658.679605212063
  2           40.416803036864      1431421.809149489040         3772.009123494008      1427649.800025994889
  3           19.706444305949      1431419.135551891057         3772.840068572825      1427646.295483317925
  4           27.033918588548      1431416.535873625893         3774.751081524085      1427641.784792101011
  5           15.624049918611      1431413.985376226949         3776.658601523356      1427637.326774704037
  6           14.368971952712      1431411.632278814912         3778.010964923059      1427633.621313892072
  7           13.675701458607      1431410.154985286063         3779.036583578355      1427631.118401708081
  8           12.557833360420      1431408.991486557992         3780.178608410620      1427628.812878147000
  9           11.215583352493      1431408.106358753052         3781.251908297354      1427626.854450454935
 10            9.037534771689      1431407.259460814996         3782.252361607756      1427625.007099207025
 11            9.610324388673      1431406.680949158035         3782.942862929634      1427623.738086228026
 12            7.004988204207      1431406.123023906955         3783.584365316561      1427622.538658590056
 13            7.057830559882      1431405.668856272940         3784.053628073414      1427621.615228200098
 14            4.880964174218      1431405.185813237913         3784.367855037087      1427620.817958201049
 15            4.766569915647      1431404.846270333976         3784.623420137661      1427620.222850196064
 16            4.272195884641      1431404.623699051095         3784.682596115947      1427619.941102935001
 17            4.069921507257      1431404.461858497001         3784.764945201212      1427619.696913295891
 18            3.212252548391      1431404.313278574962         3784.873162106198      1427619.440116469050
 19            2.922849640288      1431404.214122276055         3784.905204717365      1427619.308917558985
 20            2.611446047935      1431404.137424369110         3784.915642067610      1427619.221782301087
 21            1.906256901336      1431404.065503221937         3784.858674366267      1427619.206828855909
 22            1.833842443893      1431404.012243658071         3784.768933354872      1427619.243310302962
 23            1.406361520800      1431403.976708102971         3784.718637443322      1427619.258070658892
 24            1.207888552685      1431403.949283462018         3784.725875076759      1427619.223408384947
 25            1.037000016017      1431403.930449021980         3784.691309880762      1427619.239139141049
 26            0.848991377373      1431403.918606885010         3784.673215792603      1427619.245391092962
 27            0.712048991049      1431403.908885451965         3784.637648707125      1427619.271236744942
 28            0.633774665866      1431403.901967524085         3784.614256390064      1427619.287711133016
 29            0.536171802735      1431403.897314582951         3784.597714634641      1427619.299599949038
 30            0.426828947855      1431403.893722805893         3784.585641676843      1427619.308081129100
 31            0.379327907059      1431403.891543209087         3784.581895181263      1427619.309648026945
 32            0.281204169313      1431403.889630734921         3784.572931031411      1427619.316699702991
 33            0.259774157441      1431403.888504622970         3784.578342441247      1427619.310162181035
 34            0.208790957098      1431403.887619382935         3784.577957409555      1427619.309661973035
 35            0.167445628479      1431403.886969832936         3784.584478519592      1427619.302491314011
 36            0.144970352698      1431403.886575211072         3784.587461713081      1427619.299113498069
 37            0.123312389803      1431403.886285739020         3784.592479532763      1427619.293806205969
 38            0.089083922403      1431403.886050929083         3784.597836088969      1427619.288214839995
 39            0.084122773901      1431403.885910627898         3784.603512566510      1427619.282398060896
 40            0.066768927088      1431403.885811482091         3784.610239099140      1427619.275572383078
 41            0.059138837396      1431403.885747889057         3784.618491121171      1427619.267256767955
 42            0.047424226525      1431403.885701569030         3784.626833923262      1427619.258867646102
 43            0.040009695478      1431403.885669362033         3784.633073623108      1427619.252595738973
 44            0.032512411239      1431403.885648173979         3784.637203609927      1427619.248444563011

