loop1: max_iter=50, norm_reduction(target=0.001, final=0.00148136)
  i                   resNorm                         J                        Jb                      JoJc
  0         1875.673321662983        50172.764470530703            0.000000000000        50172.764470530703
  1         1300.778848084416        43298.347727801192           26.865028523960        43271.482699277221
  2          984.605860563618        38635.064973140899          101.379626783939        38533.685346356957
  3          794.069031245217        35838.779830582731          198.706449410929        35640.073381171802
  4          744.752876642903        33485.752933856100          344.373508786842        33141.379425069259
  5          623.560904521261        31792.841273105620          507.355227296625        31285.486045808990
  6          560.426664440372        30590.982696120820          667.339550520800        29923.643145600021
  7          498.143719943470        29590.383617456770          841.585025296006        28748.798592160769
  8          416.651101149322        28561.333764244529         1075.483707954989        27485.850056289539
  9          417.274948632055        27876.132430528571         1272.065160738624        26604.067269789939
 10          378.195372047833        27271.776081622160         1482.133888673292        25789.642192948872
 11          371.728609710032        26783.942586704012         1683.357217992158        25100.585368711851
 12          297.545993336441        26364.262408118429         1884.593816189173        24479.668591929261
 13          269.856046654894        26023.470918496740         2071.781366335812        23951.689552160919
 14          254.397108928782        25652.642100074791         2306.745956949167        23345.896143125621
 15          207.061178496929        25402.580749843200         2487.567092490382        22915.013657352811
 16          200.225362707331        25177.000616773948         2670.503934655770        22506.496682118181
 17          178.871747093339        25013.231532695139         2817.993721983557        22195.237810711580
 18          175.769485210540        24878.792798759529         2950.586775035281        21928.206023724251
 19          144.672520920920        24755.626591488890         3083.248812989202        21672.377778499689
 20          130.677086048835        24640.322242174101         3219.337038491839        21420.985203682259
 21          123.448525943715        24553.376373200201         3331.314969187551        21222.061404012649
 22          111.617649289304        24480.935618698950         3432.216971774650        21048.718646924299
 23           87.617572263185        24417.678769084650         3527.237731006560        20890.441038078090
 24           78.551392726997        24365.322214452699         3611.991038525724        20753.331175926971
 25           80.801225816804        24324.290025815211         3683.370357647935        20640.919668167269
 26           63.728177725659        24297.934488723891         3732.051544596603        20565.882944127279
 27           67.417436333644        24273.069369552271         3780.553575189652        20492.515794362622
 28           53.547128804776        24251.708425770121         3824.666799804502        20427.041625965619
 29           49.908894053249        24235.092695064319         3860.885838352248        20374.206856712070
 30           40.367864360170        24220.227513111560         3895.063071801687        20325.164441309880
 31           39.032651872601        24209.056861171000         3922.124990052989        20286.931871118020
 32           28.748324513436        24199.297820159980         3947.003735457522        20252.294084702458
 33           28.056034662079        24192.730003929541         3964.575798760366        20228.154205169179
 34           25.725797287590        24187.101922613230         3980.343850090560        20206.758072522669
 35           21.514821467720        24183.178811122449         3991.820628685673        20191.358182436768
 36           19.820525424918        24179.551726061789         4002.891836275484        20176.659889786300
 37           17.457008968916        24177.143119320881         4010.550392568538        20166.592726752340
 38           14.195784740273        24174.977862162330         4017.705111991700        20157.272750170629
 39           12.764862311447        24173.330920494351         4023.366891200556        20149.964029293791
 40           12.210022471530        24172.142172518339         4027.607841338789        20144.534331179551
 41            9.745900223101        24171.246134522218         4030.914136986450        20140.331997535770
 42            8.659282755033        24170.455785047339         4033.932006747846        20136.523778299499
 43            7.898692730302        24169.895562015550         4036.145648690481        20133.749913325071
 44            6.765729089132        24169.421939019361         4038.080141320127        20131.341797699239
 45            5.952698035674        24169.086812319030         4039.493460122179        20129.593352196851
 46            4.905461688314        24168.793619240882         4040.769751002175        20128.023868238710
 47            4.253310200137        24168.564551959538         4041.800717783812        20126.763834175730
 48            3.558068328293        24168.401103869692         4042.560435036950        20125.840668832741
 49            3.240110143141        24168.277325175790         4043.153826864503        20125.123498311292
 50            2.778554155496        24168.181881257929         4043.625627943060        20124.556253314870

loop2: max_iter=50, norm_reduction(target=0.001, final=0.00335559)
  i                   resNorm                         J                        Jb                      JoJc
  0           51.125905873486        24221.565052064041         4043.625627943060        20177.939424120981
  1           57.447822722452        24206.645993498321         4045.480067878287        20161.165925620029
  2           41.909317236078        24199.934778182811         4046.625956532595        20153.308821650211
  3           35.291172291243        24193.340098978879         4048.692291686604        20144.647807292280
  4           31.349752334528        24189.354533406280         4050.304885854446        20139.049647551830
  5           28.144685098615        24186.202125629370         4051.827958699411        20134.374166929960
  6           27.722702787231        24183.267556420040         4053.596663153468        20129.670893266572
  7           21.064377936794        24181.156569456569         4055.115318213329        20126.041251243241
  8           21.144432317104        24179.286386316180         4056.663643980619        20122.622742335570
  9           17.482522515516        24177.605377964290         4058.324553825324        20119.280824138968
 10           17.861062988529        24176.090341466010         4059.929186109051        20116.161155356960
 11           15.397877909383        24175.269746967631         4060.992213881941        20114.277533085689
 12           13.815409425510        24174.404712399799         4062.077511292586        20112.327201107211
 13           13.377639523320        24173.678218774388         4062.888225291726        20110.789993482671
 14           10.777725790674        24172.978033410789         4063.630421383612        20109.347612027181
 15           10.811049010500        24172.492569783131         4064.081917278389        20108.410652504739
 16            8.936562457103        24171.960354179981         4064.566418890437        20107.393935289550
 17            9.254327303420        24171.470764284841         4065.126942796847        20106.343821487990
 18            6.688078685880        24171.106262249759         4065.559901962663        20105.546360287099
 19            6.537547278536        24170.775321377660         4066.068667925307        20104.706653452351
 20            7.698484136465        24170.503715023839         4066.355103108600        20104.148611915240
 21            5.984892863908        24170.298685164609         4066.552509103431        20103.746176061180
 22            6.160636551783        24170.134448097418         4066.727334764258        20103.407113333160
 23            4.984087077724        24169.956393328252         4067.008945899835        20102.947447428411
 24            4.674316653146        24169.827759310469         4067.142095039017        20102.685664271448
 25            3.910410229423        24169.713824905291         4067.264114004221        20102.449710901070
 26            4.159309713798        24169.616118603011         4067.368459215418        20102.247659387591
 27            3.248893190497        24169.530147408881         4067.535222259103        20101.994925149778
 28            2.809518141676        24169.456954917950         4067.655381137264        20101.801573780689
 29            2.689308494678        24169.404219130090         4067.728613805838        20101.675605324250
 30            2.528654889754        24169.368824617581         4067.771273158335        20101.597551459250
 31            2.225766742619        24169.340209970069         4067.783121217234        20101.557088752841
 32            1.818508038944        24169.312762546280         4067.773372411193        20101.539390135091
 33            1.713875461413        24169.288363758700         4067.714588734429        20101.573775024281
 34            1.436508221025        24169.271416114461         4067.693144968162        20101.578271146300
 35            1.272771786882        24169.258582536298         4067.680625700207        20101.577956836089
 36            1.058740671302        24169.245269251111         4067.691613022622        20101.553656228491
 37            1.020694079608        24169.235722876161         4067.719124206515        20101.516598669648
 38            0.888759854916        24169.229380190500         4067.736521288653        20101.492858901838
 39            0.744954478002        24169.223852699979         4067.755407643886        20101.468445056089
 40            0.633980206645        24169.219393985510         4067.758708171977        20101.460685813541
 41            0.594294328143        24169.215975915860         4067.760417236001        20101.455558679860
 42            0.529653808758        24169.213651169332         4067.770364767342        20101.443286401991
 43            0.451039296389        24169.211581674012         4067.781590209072        20101.429991464938
 44            0.395709223387        24169.210051529080         4067.797561704272        20101.412489824801
 45            0.327897774484        24169.208841197011         4067.810785378149        20101.398055818860
 46            0.296277086074        24169.207833891229         4067.832909107845        20101.374924783391
 47            0.250736777913        24169.207057696389         4067.854612251611        20101.352445444780
 48            0.224341643074        24169.206539199298         4067.880903896169        20101.325635303128
 49            0.206460800041        24169.206151710750         4067.904037348920        20101.302114361832
 50            0.171557488649        24169.205842507148         4067.930071842656        20101.275770664492

