loop1: max_iter=50, norm_reduction(target=0.001, final=0.000977937)
  i                   resNorm                         J                        Jb                      JoJc
  0          940.152492715160      1646734.446140626911            0.000000000000      1646734.446140626911
  1          881.420021279395      1641233.106341788080           68.481037795915      1641164.625303992070
  2          659.552305131977      1638432.576795331901          176.140308533030      1638256.436486799037
  3          603.231899819026      1636153.151226877933          343.665386340777      1635809.485840538051
  4          546.187535867616      1634396.172171097947          556.669654908489      1633839.502516190056
  5          433.836526780770      1632919.945108633954          821.511691431015      1632098.433417202905
  6          417.411887372743      1631573.423712847056         1164.582937879991      1630408.840774967102
  7          364.268249958899      1630599.190773168113         1496.637468189566      1629102.553304979112
  8          316.570733433099      1629848.406711318996         1817.676959174557      1628030.729752145009
  9          259.535403252386      1629173.565386619885         2171.913400896776      1627001.651985723060
 10          224.471415453794      1628587.470199622912         2547.977608036381      1626039.492591585964
 11          239.456325261766      1628276.598135627108         2781.526153586126      1625495.071982041001
 12          172.718635082339      1627939.847611737903         3070.782241394969      1624869.065370342927
 13          156.558374013496      1627691.052503984887         3315.302316228192      1624375.750187756959
 14          132.984229135041      1627479.590529642068         3551.118641845136      1623928.471887796884
 15          107.904206072912      1627306.527741309023         3769.572357505030      1623536.955383803928
 16          106.447412476118      1627189.221459614113         3935.159116212602      1623254.062343400903
 17           89.327012699596      1627099.054280770943         4075.405734687879      1623023.648546082899
 18           75.561486451172      1627030.443199160043         4191.943159607635      1622838.500039553037
 19           55.783221480517      1626971.549889819929         4301.026938381219      1622670.522951439023
 20           51.162907849438      1626924.531067563919         4396.479226124179      1622528.051841438981
 21           44.570555837499      1626898.498553497018         4453.718496854921      1622444.780056641903
 22           36.618027735600      1626875.455947078997         4508.085377870232      1622367.370569209103
 23           31.033587055380      1626861.027839330025         4544.496120793491      1622316.531718536047
 24           26.673642064801      1626848.786372143077         4577.429875317730      1622271.356496825116
 25           21.886043753763      1626840.122547704959         4602.285436339715      1622237.837111365050
 26           18.478870967451      1626834.484152159886         4619.415593408148      1622215.068558752071
 27           15.549600576723      1626830.034047021065         4633.696351368661      1622196.337695651921
 28           12.259959811212      1626826.963873177068         4644.093595524814      1622182.870277652983
 29           11.369105598824      1626824.827091260115         4651.707623839785      1622173.119467420038
 30            9.086387236047      1626823.283576170914         4657.481950601470      1622165.801625570050
 31            7.296549161219      1626822.151848257985         4661.920191733099      1622160.231656525051
 32            6.374527066496      1626821.347919238033         4665.224014797869      1622156.123904440086
 33            5.125498950255      1626820.836761658080         4667.417559968668      1622153.419201689074
 34            4.610969872008      1626820.482325772056         4668.999752354910      1622151.482573417015
 35            3.591242915956      1626820.204022665042         4670.292414791766      1622149.911607874092
 36            2.992896513670      1626820.013991155894         4671.210797319593      1622148.803193836939
 37            2.638453537660      1626819.886413520901         4671.850986107911      1622148.035427412950
 38            1.949344579735      1626819.791698087007         4672.343941213602      1622147.447756873909
 39            1.726464888408      1626819.726412334945         4672.696459091749      1622147.029953243909
 40            1.421198315252      1626819.684825293953         4672.928975664277      1622146.755849628942
 41            1.192475977288      1626819.657237381907         4673.088176787653      1622146.569060595008
 42            0.919410359004      1626819.636198903900         4673.213470854448      1622146.422728049103

loop2: max_iter=50, norm_reduction(target=0.001, final=0.000922409)
  i                   resNorm                         J                        Jb                      JoJc
  0           53.011185910690      1626904.396742633078         4673.213470854448      1622231.183271778980
  1           25.615890974676      1626873.400864748983         4676.031576298930      1622197.369288451038
  2           22.158018549943      1626866.791775781894         4677.835370761914      1622188.956405020086
  3           18.380670043719      1626862.870176596101         4679.684893911472      1622183.185282683931
  4           20.087145907784      1626861.030372085050         4680.595858475937      1622180.434513608925
  5           15.568921666815      1626858.897345225094         4681.910335485881      1622176.987009739969
  6           14.754069180593      1626857.731004887959         4682.798712689390      1622174.932292198995
  7           13.046105650639      1626856.732209278038         4683.710131758516      1622173.022077518981
  8           10.995734764549      1626855.828457860043         4684.645891683712      1622171.182566175936
  9            9.997195741529      1626854.905081532896         4685.833544698536      1622169.071536833886
 10            9.688174444370      1626854.356160518946         4686.677081089952      1622167.679079429014
 11            7.434746175876      1626853.724080489948         4687.622299585716      1622166.101780903991
 12            7.298831268014      1626853.151526188012         4688.499601286035      1622164.651924902108
 13            7.516684162782      1626852.734805884073         4689.271630317769      1622163.463175565936
 14            6.193434793921      1626852.448951119091         4689.833216463219      1622162.615734656109
 15            5.174773629655      1626852.210954833077         4690.256477826013      1622161.954477007035
 16            4.435436172453      1626851.959624303039         4690.712756403219      1622161.246867900016
 17            4.225568460627      1626851.789853265043         4690.994123094410      1622160.795730170095
 18            3.416299301756      1626851.627650120063         4691.177314826739      1622160.450335293077
 19            2.971220167784      1626851.510630499106         4691.321716751675      1622160.188913746970
 20            2.778636318016      1626851.423318458954         4691.437873240990      1622159.985445217928
 21            2.203255975406      1626851.361348845996         4691.517060725676      1622159.844288120978
 22            1.846593927770      1626851.309629894095         4691.581416146225      1622159.728213747963
 23            1.599750039599      1626851.264494071016         4691.631100074068      1622159.633393997094
 24            1.300801335463      1626851.235004961025         4691.644176104938      1622159.590828855988
 25            1.128362125565      1626851.211787787965         4691.637212521496      1622159.574575266102
 26            1.014477535377      1626851.196899961913         4691.644101338529      1622159.552798622986
 27            0.747294195141      1626851.186197825940         4691.618129249237      1622159.568068576977
 28            0.635723076199      1626851.177688271040         4691.585634135118      1622159.592054136097
 29            0.583970385702      1626851.171847099904         4691.579216422906      1622159.592630676925
 30            0.472275981863      1626851.167900976026         4691.581276131019      1622159.586624844931
 31            0.398460788437      1626851.164799720049         4691.591824297503      1622159.572975422023
 32            0.295871480973      1626851.162746879039         4691.584234608853      1622159.578512270004
 33            0.277917646041      1626851.161322986009         4691.580676940726      1622159.580646045972
 34            0.216775099237      1626851.160364215029         4691.577372557605      1622159.582991658011
 35            0.178380956733      1626851.159579476109         4691.580862295451      1622159.578717180993
 36            0.158738097582      1626851.159157871036         4691.586065528892      1622159.573092341889
 37            0.123456630927      1626851.158807962900         4691.588973610936      1622159.569834352005
 38            0.106803966260      1626851.158578650095         4691.592026260601      1622159.566552388947
 39            0.085378551039      1626851.158398862928         4691.596551533772      1622159.561847328907
 40            0.074048939092      1626851.158290069085         4691.600790725307      1622159.557499343064
 41            0.062243520578      1626851.158222120022         4691.604005695293      1622159.554216424935
 42            0.048898005234      1626851.158172478899         4691.608538453213      1622159.549634025898

