loop1: max_iter=50, norm_reduction(target=0.001, final=0.000844317)
  i                   resNorm                         J                        Jb                      JoJc
  0         1337.455522118846      1013943.337901946041            0.000000000000      1013943.337901946041
  1          842.948349339092      1008772.092839551042           29.899335588224      1008742.193503962946
  2          577.590576873989      1006758.894695712021           69.118637278171      1006689.776058434043
  3          655.526656544748      1004923.357783199055          152.858152462750      1004770.499630735954
  4          436.726389669912      1003819.334586214973          241.116969927990      1003578.217616286944
  5          459.391432613406      1002708.772296907031          378.694964471304      1002330.077332435991
  6          354.529311796015      1001846.448848312022          535.215178193955      1001311.233670118032
  7          340.535718859752      1001226.098025455954          685.712118677489      1000540.385906778974
  8          268.246727839731      1000634.572772282991          871.420934635210       999763.151837648125
  9          229.124605685359       999988.616429197020         1139.935387189234       998848.681042007753
 10          231.800188021687       999656.100420930190         1313.440657486047       998342.659763444099
 11          210.355191095138       999356.057068338501         1498.708483775364       997857.348584563122
 12          171.761213814446       999146.745196439908         1648.144043287693       997498.601153152180
 13          156.825728137451       998943.447627011919         1814.207534538058       997129.240092473920
 14          144.003287050449       998777.490638315678         1969.400922749353       996808.089715566370
 15          122.511660125839       998658.403828813694         2094.526027690606       996563.877801123075
 16          107.574117817319       998560.644805760123         2208.300121901865       996352.344683858217
 17           88.373656450043       998469.468157579540         2326.097038235228       996143.371119344258
 18           90.853506897820       998418.288128612330         2398.483553016605       996019.804575595772
 19           74.278902253978       998360.640285535017         2487.245667291655       995873.394618243328
 20           62.170889003515       998331.174385409919         2536.179695588417       995794.994689821498
 21           52.394111432821       998293.677862556651         2603.266691824341       995690.411170732346
 22           47.610527700208       998272.226807550993         2644.694688670693       995627.532118880306
 23           44.870313180576       998253.895472477074         2682.490410513105       995571.405061963946
 24           37.646191601492       998238.967144522700         2715.356469681922       995523.610674840747
 25           29.473660466095       998227.252717292402         2742.823054842470       995484.429662449984
 26           25.055230589727       998217.604735857458         2766.928683291081       995450.676052566385
 27           22.064773049280       998211.035476884688         2784.381248381323       995426.654228503350
 28           18.807992310126       998206.603524856037         2796.804313987473       995409.799210868543
 29           15.619914773399       998202.634843648993         2808.543200626228       995394.091643022723
 30           12.955295473991       998200.057503236807         2816.582359193173       995383.475144043681
 31           12.539842273998       998198.106242146343         2822.975678528542       995375.130563617800
 32            9.422336487063       998196.757835326483         2827.601624083531       995369.156211243011
 33            8.843701393974       998195.681143213413         2831.463155152128       995364.217988061253
 34            7.453205283184       998194.872243653401         2834.498082266047       995360.374161387328
 35            6.371299752137       998194.296761412290         2836.750705086964       995357.546056325315
 36            5.156410160194       998193.869416741072         2838.491756198855       995355.377660542261
 37            4.509169693630       998193.560702432645         2839.799294703034       995353.761407729588
 38            4.046966591245       998193.348292129114         2840.732476020958       995352.615816108184
 39            3.331394435858       998193.185702864313         2841.472029617497       995351.713673246792
 40            2.958869028805       998193.081708146608         2841.960408093078       995351.121300053550
 41            2.585406003511       998192.994561162079         2842.382454043116       995350.612107118941
 42            1.999845238732       998192.928553886828         2842.712442860385       995350.216111026471
 43            1.786286673382       998192.879162852070         2842.967371649769       995349.911791202263
 44            1.440705897881       998192.840590036591         2843.173133899096       995349.667456137482
 45            1.353765757037       998192.817456722492         2843.300360496126       995349.517096226336
 46            1.129235827718       998192.800634101615         2843.395394707522       995349.405239394051

loop2: max_iter=50, norm_reduction(target=0.001, final=0.00145068)
  i                   resNorm                         J                        Jb                      JoJc
  0           34.678864323136       998267.446795492200         2843.395394707522       995424.051400784636
  1           29.138917544988       998248.757607311592         2845.631237040222       995403.126370271319
  2           35.424361793285       998243.572395577678         2846.333960945743       995397.238434631960
  3           31.173604486260       998238.361969413818         2847.342473193722       995391.019496220048
  4           27.477049136773       998233.774160036584         2848.082045120773       995385.692114915815
  5           25.379875180811       998230.929211388226         2848.567367896138       995382.361843492137
  6           26.818672186463       998228.532023429172         2849.011858957496       995379.520164471702
  7           19.043911156822       998225.024540967774         2849.554818473923       995375.469722493901
  8           16.304924978974       998222.115501596010         2850.246366657309       995371.869134938694
  9           17.453892463856       998220.232453293982         2850.618475155024       995369.613978139008
 10           14.357980942268       998218.694561582408         2850.866406563500       995367.828155018855
 11           15.210677603317       998217.252827154938         2851.274599052062       995365.978228102904
 12           12.144954397861       998216.242695079069         2851.752327412052       995364.490367667051
 13           10.857024761013       998215.060779199353         2852.203629433373       995362.857149765943
 14           11.273573512520       998214.328405764303         2852.397608221539       995361.930797542795
 15           10.454018800419       998213.748544522445         2852.508481281141       995361.240063241334
 16            8.767089812950       998213.155048678513         2852.761788180500       995360.393260498066
 17            7.517017421638       998212.563890842255         2852.986270717863       995359.577620124444
 18            7.669788431318       998212.169513961533         2852.981753406475       995359.187760555069
 19            5.361956318151       998211.827528784517         2852.928742501551       995358.898786282982
 20            5.714768384403       998211.609695990453         2852.836044234289       995358.773651756113
 21            4.401993182925       998211.376917674439         2852.543342131290       995358.833575543133
 22            4.124443666203       998211.229721030337         2852.269539252591       995358.960181777715
 23            3.195299024773       998211.088867711718         2852.156707260564       995358.932160451193
 24            2.558179729404       998210.971281697974         2851.970519803816       995359.000761894160
 25            2.410675215895       998210.898141478538         2851.816362708642       995359.081778769847
 26            2.025875657958       998210.836679973174         2851.658103686641       995359.178576286533
 27            1.812546817872       998210.792822097428         2851.550059842931       995359.242762254551
 28            1.503359022184       998210.761878973222         2851.372529735872       995359.389349237317
 29            1.397103746689       998210.736962065683         2851.264669586304       995359.472292479360
 30            1.374615486598       998210.723768027034         2851.185058775198       995359.538709251792
 31            1.058373027043       998210.706837066682         2851.057435913585       995359.649401153089
 32            0.910112465163       998210.697928838083         2851.004406535631       995359.693522302434
 33            0.728563717626       998210.689995474648         2850.951949793758       995359.738045680919
 34            0.668324967963       998210.683717776206         2850.896628957532       995359.787088818732
 35            0.554383473511       998210.679716165410         2850.875863991328       995359.803852174082
 36            0.478921192607       998210.676728209830         2850.867769805616       995359.808958404232
 37            0.382200149851       998210.674261631095         2850.866328598161       995359.807933032978
 38            0.335706651266       998210.672464860487         2850.876284236031       995359.796180624398
 39            0.277398454698       998210.671263130265         2850.895023952354       995359.776239177911
 40            0.249458548727       998210.670460254885         2850.903745466522       995359.766714788391
 41            0.205110837169       998210.669869153528         2850.916759142126       995359.753110011457
 42            0.185349400134       998210.669349908014         2850.921697054225       995359.747652853839
 43            0.154757330589       998210.669016617583         2850.928555408826       995359.740461208741
 44            0.123967123500       998210.668799110455         2850.929827127639       995359.738971982850
 45            0.110839800724       998210.668600113713         2850.937647622977       995359.730952490703
 46            0.092907881283       998210.668458492495         2850.944625565118       995359.723832927411
 47            0.082626302383       998210.668376385816         2850.951007124065       995359.717369261780
 48            0.064378719367       998210.668312422349         2850.956324232843       995359.711988189491
 49            0.055757126775       998210.668259086786         2850.961101369995       995359.707157716737
 50            0.050307997375       998210.668226311798         2850.964143918892       995359.704082392855

