loop1: max_iter=50, norm_reduction(target=0.001, final=0.00327339)
  i                   resNorm                         J                        Jb                      JoJc
  0         1509.634582866517      1678171.862197153969            0.000000000000      1678171.862197153969
  1         1186.141533834154      1672191.548154921969           31.385879606045      1672160.162275315030
  2         1038.508196170279      1668699.748895921977           96.069495104578      1668603.679400817957
  3          783.854669225843      1666261.973326310050          185.481925887928      1666076.491400422063
  4          804.432266343306      1664638.406345013063          280.999027048991      1664357.407317963894
  5          597.920543968601      1662962.260789080057          429.267980498033      1662532.992808582028
  6          594.883173765110      1661676.900825524935          592.177763984574      1661084.723061541095
  7          505.026410518230      1660553.318013872020          785.277701819090      1659768.040312052937
  8          439.447504193679      1659632.501524250954          991.114351218741      1658641.387173031922
  9          397.294434819530      1658836.232485644054         1216.129198572502      1657620.103287070990
 10          386.957360940327      1658190.893835711060         1440.930226525487      1656749.963609185070
 11          315.767640006107      1657724.016049973899         1633.797444301980      1656090.218605672009
 12          278.671574205776      1657250.048268158920         1863.517965917258      1655386.530302241910
 13          297.482318385354      1656950.449611424003         2030.975802203633      1654919.473809219897
 14          226.844244157333      1656645.969522535102         2223.817543197517      1654422.151979336981
 15          219.892937362701      1656409.877125591971         2392.663156405418      1654017.213969185948
 16          198.014393164726      1656201.756225038087         2559.312988322943      1653642.443236714927
 17          184.175021800013      1656029.471444932977         2712.846847384956      1653316.624597548973
 18          163.498600500299      1655878.470158447977         2861.724707529410      1653016.745450918097
 19          145.918898538180      1655754.922289107926         2995.687014788874      1652759.235274319071
 20          129.501647898468      1655654.384908278007         3114.646628581023      1652539.738279697020
 21          108.904694575230      1655570.796783874976         3221.977166298328      1652348.819617576897
 22          103.821470297833      1655501.363112413092         3318.454420952060      1652182.908691460034
 23          100.499693349974      1655449.229886048008         3396.348300989743      1652052.881585058058
 24           82.354984071178      1655409.999418512918         3458.733631978330      1651951.265786535107
 25           79.398375901917      1655374.800447677961         3518.124856547645      1651856.675591130042
 26           68.166752774858      1655343.154982214095         3574.925619581487      1651768.229362631915
 27           64.166463826127      1655318.310185657116         3622.279355044921      1651696.030830611940
 28           59.551292935006      1655298.851173900068         3661.454769497436      1651637.396404402098
 29           53.834842106441      1655282.664093777072         3695.744734992380      1651586.919358785031
 30           46.551864682876      1655269.197242337046         3725.698127162823      1651543.499115173938
 31           45.259577318823      1655259.668391141109         3747.841199081251      1651511.827192059951
 32           39.942882264337      1655249.944722149987         3771.440995658956      1651478.503726491006
 33           32.904192578392      1655243.014708722942         3788.995396270901      1651454.019312452059
 34           30.300704543824      1655236.319734873949         3806.684868773415      1651429.634866100037
 35           28.083376055769      1655231.600682910066         3819.683994624254      1651411.916688286001
 36           24.842291868259      1655227.339217134053         3831.894480079438      1651395.444737053942
 37           22.345223779446      1655224.106573703000         3841.521880112396      1651382.584693591110
 38           20.123817787034      1655221.448827655055         3849.730031524199      1651371.718796130968
 39           18.737751349962      1655219.605901222909         3855.611894616350      1651363.994006606052
 40           15.972438620570      1655217.812488574069         3861.522607560191      1651356.289881013101
 41           14.521986744450      1655216.418529971037         3866.272182968324      1651350.146347001893
 42           12.295332110454      1655215.148004739080         3870.749818447902      1651344.398186291102
 43           11.723431333791      1655214.181629694998         3874.273543418838      1651339.908086275915
 44            9.944958797600      1655213.506142799044         3876.812100716027      1651336.694042083109
 45            8.699719526165      1655212.873291685944         3879.261989635987      1651333.611302050063
 46            7.510170529383      1655212.410912565887         3881.106653963986      1651331.304258601973
 47            6.968447609365      1655212.036203580908         3882.645209680504      1651329.390993899899
 48            6.652081465876      1655211.769822847098         3883.769003047208      1651328.000819799025
 49            5.464416639562      1655211.518591522006         3884.857737992897      1651326.660853529116
 50            4.941619139631      1655211.316495918902         3885.758732668690      1651325.557763251010

loop2: max_iter=50, norm_reduction(target=0.001, final=0.0049855)
  i                   resNorm                         J                        Jb                      JoJc
  0           51.621912971788      1655289.004599804990         3885.758732668690      1651403.245867137099
  1           52.615687033013      1655277.724848333979         3886.950660285865      1651390.774188048905
  2           38.958371858754      1655270.067123532062         3888.214170886505      1651381.852952644927
  3           30.200644088729      1655265.490685529076         3889.077760752037      1651376.412924777018
  4           28.608611908285      1655263.565422035987         3889.632946355860      1651373.932475680020
  5           22.586978018802      1655261.460234866943         3890.448521401170      1651371.011713464977
  6           19.564600788378      1655259.710372539936         3891.377626795802      1651368.332745743915
  7           16.856520666802      1655258.004603653913         3892.638373586620      1651365.366230068030
  8           17.222994097765      1655256.796256517991         3893.845770757237      1651362.950485761045
  9           18.179393982973      1655255.713869995903         3895.172557632434      1651360.541312363930
 10           13.922777130979      1655254.875657963101         3896.329514554863      1651358.546143407933
 11           13.314945726229      1655254.135306263110         3897.590123351623      1651356.545182910981
 12           12.270758211024      1655253.477320909034         3898.824317586960      1651354.653003321961
 13           10.782687963500      1655252.834184903884         3900.198332794990      1651352.635852108942
 14           10.042857375522      1655252.357329464052         3901.340699494721      1651351.016629969003
 15            8.945260274332      1655251.783202843973         3902.839499593482      1651348.943703250960
 16            9.532998778234      1655251.459385267925         3903.766890115760      1651347.692495153053
 17            8.172932926509      1655251.184077382088         3904.604818341359      1651346.579259040998
 18            7.365050814399      1655250.886989969993         3905.476746042206      1651345.410243927967
 19            6.781619153014      1655250.633278972935         3906.192148737597      1651344.441130235093
 20            6.170676342376      1655250.408593941946         3906.854809623474      1651343.553784318967
 21            5.623567656365      1655250.263952957932         3907.279812741539      1651342.984140217071
 22            5.376756881451      1655250.082921700086         3907.789085483001      1651342.293836216908
 23            4.966377326573      1655249.953550198115         3908.131436210745      1651341.822113987058
 24            4.110860939109      1655249.843727736035         3908.382761451815      1651341.460966283921
 25            4.230752510670      1655249.749737971928         3908.534970287535      1651341.214767683996
 26            3.590571620687      1655249.675610532984         3908.609407732046      1651341.066202800954
 27            3.356136926615      1655249.612917921040         3908.623411481396      1651340.989506440004
 28            3.212464383605      1655249.557805215009         3908.609624962925      1651340.948180251988
 29            2.717118121234      1655249.509185323957         3908.565297286239      1651340.943888037931
 30            2.358173290326      1655249.466466706945         3908.475579432024      1651340.990887274966
 31            2.274735395019      1655249.438019778114         3908.393767733254      1651341.044252044987
 32            1.880261939251      1655249.408398465021         3908.309636748464      1651341.098761717090
 33            1.914703957430      1655249.391798302997         3908.258284201514      1651341.133514102083
 34            1.513329991947      1655249.374131682096         3908.210416576985      1651341.163715105038
 35            1.451129713289      1655249.360233959975         3908.194515854444      1651341.165718106087
 36            1.254354933748      1655249.349475635914         3908.190004496606      1651341.159471139079
 37            1.134162448425      1655249.340233006049         3908.201680016086      1651341.138552990044
 38            0.950963659302      1655249.333095710026         3908.222101260522      1651341.110994450049
 39            0.907923286097      1655249.327216831036         3908.260422847521      1651341.066793984035
 40            0.814416243642      1655249.323305387050         3908.301248859374      1651341.022056526970
 41            0.746760056138      1655249.320184879005         3908.353878218382      1651340.966306661023
 42            0.633975954612      1655249.317552112043         3908.423402828405      1651340.894149282947
 43            0.615334317646      1655249.315240205964         3908.499722068552      1651340.815518137068
 44            0.511632598140      1655249.313316100044         3908.594387707358      1651340.718928392045
 45            0.475381613443      1655249.311662336113         3908.697896920287      1651340.613765415968
 46            0.404851008067      1655249.310340090888         3908.800402075523      1651340.509938016068
 47            0.367527505689      1655249.309374552919         3908.890139170560      1651340.419235381996
 48            0.337303802333      1655249.308608609950         3908.977506702946      1651340.331101906952
 49            0.296607543842      1655249.307976355078         3909.064631510929      1651340.243344844086
 50            0.257361047312      1655249.307397712022         3909.163912093063      1651340.143485618988

