loop1: max_iter=50, norm_reduction(target=0.001, final=0.00172632)
  i                   resNorm                         J                        Jb                      JoJc
  0         2150.045456314308      1180792.131771766115            0.000000000000      1180792.131771766115
  1         2103.163978240695      1169886.330333183985           51.457642381332      1169834.872690802906
  2         1504.089348290254      1160773.694304133998          210.925129165156      1160562.769174969057
  3         1428.322438701864      1156016.299630708061          372.570100326641      1155643.729530381970
  4         1009.871983496560      1151699.900737411110          606.775540980724      1151093.125196429901
  5         1062.014922814044      1148046.575516002020          911.222980593355      1147135.352535407990
  6          801.822842846710      1145254.948088851990         1242.427765651402      1144012.520323199918
  7          773.098358630454      1143924.049328099005         1441.411649852729      1142482.637678246014
  8          696.070379543634      1141988.543079732917         1803.983540947373      1140184.559538786067
  9          564.773692790009      1140552.558265268104         2144.144399817180      1138408.413865451002
 10          480.680392903943      1138962.789949933998         2618.684561838416      1136344.105388096068
 11          541.099777823777      1138123.214161589043         2922.998391269449      1135200.215770319104
 12          474.485956444262      1137345.144450445892         3249.423772172016      1134095.720678274054
 13          405.337377951121      1136717.905237152008         3550.289230611546      1133167.616006539902
 14          337.263024276871      1136009.796462978004         3941.161105132514      1132068.635357846040
 15          353.807460347709      1135465.632776194019         4287.548866066332      1131178.083910126938
 16          293.607263795803      1135093.943191718077         4552.725483553676      1130541.217708163895
 17          252.077508639427      1134684.174510702025         4878.886405706955      1129805.288104996085
 18          249.400287841958      1134377.988199661020         5151.120138388495      1129226.868061272893
 19          201.463377287486      1134120.738149522105         5403.440660279104      1128717.297489243094
 20          189.601609741898      1133919.336525830906         5619.633948037284      1128299.702577793971
 21          170.808368017204      1133723.380178753985         5849.992023139846      1127873.388155614026
 22          141.680227054591      1133564.731307964073         6054.262075619931      1127510.469232344069
 23          150.401637741801      1133456.363651080057         6205.197679100057      1127251.165971979033
 24          123.496779413956      1133367.426930357004         6337.724528430192      1127029.702401926974
 25           98.821415441395      1133279.563231559936         6478.081041054673      1126801.482190506067
 26           88.308206508653      1133209.341428606072         6598.735754808607      1126610.605673797894
 27           76.438352461077      1133154.401075972943         6699.943666472092      1126454.457409501076
 28           69.803807746167      1133111.899737644009         6783.552572545528      1126328.347165097948
 29           61.054559072593      1133077.474200808909         6855.671245895308      1126221.802954914048
 30           54.763214186141      1133051.242202665890         6913.996767506831      1126137.245435158955
 31           48.588948509241      1133031.670304745901         6959.941918480471      1126071.728386264993
 32           43.644770602244      1133014.915118044941         7001.393645303637      1126013.521472740918
 33           37.087758555559      1133001.529921998037         7036.284772914489      1125965.245149082970
 34           32.933937361328      1132991.571763464017         7063.546210032539      1125928.025553430896
 35           27.517247468149      1132983.391720023006         7087.018992144081      1125896.372727877926
 36           25.149343006811      1132977.016429874115         7106.189193950845      1125870.827235922916
 37           21.260710166166      1132972.272066470003         7121.102895591835      1125851.169170879060
 38           18.598278872085      1132968.616774246097         7133.084838043515      1125835.531936201965
 39           15.971953967671      1132965.913922494045         7142.305103695091      1125823.608818799024
 40           14.123686024352      1132963.773037947016         7149.896199811305      1125813.876838135999
 41           12.911508967724      1132962.121607502922         7155.980401167605      1125806.141206335975
 42           11.339900982256      1132960.959594547050         7160.415526707269      1125800.544067838928
 43           10.135974210753      1132960.079181883018         7163.885293668524      1125796.193888215115
 44            8.328217585306      1132959.378238697071         7166.734594765331      1125792.643643931020
 45            7.410981776096      1132958.748468986014         7169.380750896098      1125789.367718090070
 46            6.581028104063      1132958.299857537961         7171.330139865701      1125786.969717672095
 47            5.740747676599      1132957.963797444012         7172.836387641426      1125785.127409802983
 48            4.849166808553      1132957.695822624024         7174.074301387124      1125783.621521235909
 49            4.290034523648      1132957.504533919971         7174.984029905879      1125782.520504014101
 50            3.711669584490      1132957.359243622981         7175.694230708741      1125781.665012913989

loop2: max_iter=50, norm_reduction(target=0.001, final=0.00311122)
  i                   resNorm                         J                        Jb                      JoJc
  0           83.700494193558      1132924.687708331039         7175.694230708741      1125748.993477622047
  1           69.131929119364      1132914.805019710911         7176.033658387832      1125738.771361324005
  2           61.466018205569      1132888.427774247946         7177.913774821693      1125710.513999426039
  3           51.368955439018      1132880.658137464896         7178.819663819509      1125701.838473645039
  4           51.863249423172      1132873.987539103953         7180.080227067875      1125693.907312036026
  5           48.769576816182      1132867.884032882983         7181.684514527442      1125686.199518355075
  6           48.802411550547      1132861.395276397932         7183.799495959453      1125677.595780438045
  7           39.751625863730      1132854.544795023045         7186.830640027466      1125667.714154995978
  8           34.749263810630      1132849.149663689081         7189.137418216024      1125660.012245472986
  9           29.069660275134      1132844.923989237053         7190.816646277792      1125654.107342958916
 10           25.125040508258      1132839.141838876996         7193.085064667796      1125646.056774209021
 11           29.007585748788      1132835.246205891017         7194.942303018373      1125640.303902871907
 12           25.688967876306      1132833.483166713035         7195.911181207672      1125637.571985505987
 13           23.307267184166      1132830.937188751996         7197.509709302140      1125633.427479449892
 14           19.699624484798      1132829.354474264896         7198.609000770761      1125630.745473494986
 15           17.823668999511      1132827.203457569936         7200.239768135692      1125626.963689434109
 16           18.957655581624      1132826.074983979110         7201.150186696943      1125624.924797282089
 17           14.128070752853      1132824.875228936085         7202.125581206055      1125622.749647730030
 18           12.724330723076      1132823.588212298928         7203.452761531721      1125620.135450766888
 19           12.089929649842      1132822.758801354095         7204.029211394738      1125618.729589958908
 20           11.279319272405      1132822.167107482906         7204.412524582948      1125617.754582900088
 21            9.399896497616      1132821.538383143023         7204.938704072317      1125616.599679070991
 22            7.988762777715      1132820.909570937045         7205.361588854562      1125615.547982082004
 23            7.701689253277      1132820.460043654079         7205.736906594163      1125614.723137059947
 24            7.507163131519      1132820.203549859114         7205.918457048487      1125614.285092809936
 25            6.774285845185      1132819.897541908082         7206.068832984120      1125613.828708923887
 26            6.382795134224      1132819.653587159002         7206.261747235085      1125613.391839923104
 27            5.247382468629      1132819.454381488031         7206.419195290674      1125613.035186198074
 28            4.797769694826      1132819.270457575098         7206.529421694675      1125612.741035880055
 29            3.986228945285      1132819.091384806903         7206.662130874005      1125612.429253933020
 30            3.990818150793      1132818.967209432973         7206.665204713478      1125612.302004720084
 31            3.231545804495      1132818.863748875912         7206.692246649298      1125612.171502226964
 32            2.909302569205      1132818.789295356022         7206.690281637359      1125612.099013719009
 33            2.574427989296      1132818.729615187971         7206.713385741587      1125612.016229446977
 34            2.412053790033      1132818.685434211977         7206.749665226952      1125611.935768984957
 35            1.925722072854      1132818.648035493912         7206.756486999704      1125611.891548495041
 36            1.693623131869      1132818.617593280971         7206.762349962414      1125611.855243318016
 37            1.493818825236      1132818.594680499984         7206.722519533848      1125611.872160966042
 38            1.270365462473      1132818.576291867066         7206.661380746664      1125611.914911120897
 39            1.208940742845      1132818.563438084908         7206.625860463835      1125611.937577621080
 40            0.977613433011      1132818.553257070016         7206.612176447660      1125611.941080623074
 41            0.869139780946      1132818.544746838976         7206.602121961784      1125611.942624876974
 42            0.791359521714      1132818.539480855921         7206.598993687050      1125611.940487168962
 43            0.706009721304      1132818.534986326005         7206.610816070001      1125611.924170255894
 44            0.611297814351      1132818.531412147917         7206.639943497487      1125611.891468650894
 45            0.509725029296      1132818.528603024082         7206.689262426099      1125611.839340598090
 46            0.483327537041      1132818.526534510078         7206.737527585620      1125611.789006924024
 47            0.383110009921      1132818.524959944887         7206.769231413898      1125611.755728530930
 48            0.335817664080      1132818.523733051959         7206.808571432412      1125611.715161619009
 49            0.288477822717      1132818.522751094075         7206.858139862297      1125611.664611232001
 50            0.260411034121      1132818.522095362889         7206.905361167011      1125611.616734195966

