loop1: max_iter=50, norm_reduction(target=0.001, final=0.000970508)
  i                   resNorm                         J                        Jb                      JoJc
  0         1007.519077258219      1026573.915661687963            0.000000000000      1026573.915661687963
  1          893.734374495312      1023877.303214406013           14.327173129816      1023862.976041276008
  2          577.060095633242      1022008.871247109957           49.800612261025      1021959.070634849020
  3          518.115812439857      1020482.060799041996          115.982548992872      1020366.078250049031
  4          508.404329250444      1019413.691636602045          199.853993026965      1019213.837643575040
  5          411.719471136166      1018614.336596734007          294.320654545281      1018320.015942189028
  6          310.890566110356      1017753.594337551040          441.460932619145      1017312.133404931985
  7          298.493416541164      1017077.122910758946          605.531032117970      1016471.591878641048
  8          261.302621219430      1016634.664110035053          746.032161908329      1015888.631948126946
  9          248.387056888220      1016246.172468392993          899.838222203117      1015346.334246190032
 10          190.999634903455      1015940.022009492968         1047.454770785158      1014892.567238708027
 11          208.743424007134      1015656.845238741953         1212.140378329601      1014444.704860412050
 12          143.563782413304      1015434.460026066052         1365.905862998082      1014068.554163067951
 13          130.444746153814      1015250.065425602952         1514.932368066907      1013735.133057537023
 14          114.807826565383      1015106.230853697984         1649.665364938422      1013456.565488758963
 15           97.678174049204      1014988.960355842020         1775.613993483649      1013213.346362357959
 16           93.980427585853      1014917.644052556017         1861.469220455208      1013056.174832100980
 17           78.943217261300      1014853.523679545033         1946.704643195309      1012906.819036350003
 18           78.788137062544      1014807.963705025963         2013.157759580008      1012794.805945446016
 19           65.974261378267      1014772.066040363978         2069.928102288128      1012702.137938076048
 20           48.404728201808      1014744.800594839966         2116.296536416618      1012628.504058424034
 21           44.191825148671      1014715.546225458966         2170.329559383308      1012545.216666075983
 22           38.791173072336      1014697.351551988977         2206.865628564338      1012490.485923424945
 23           31.677806195108      1014683.161237069988         2237.478361976295      1012445.682875092956
 24           30.097083995044      1014673.756946614012         2259.130672392406      1012414.626274222042
 25           27.337664300912      1014667.128779856954         2275.269103146816      1012391.859676711028
 26           23.026096386088      1014660.669673037948         2291.915323407859      1012368.754349629977
 27           17.736280327009      1014656.227728915983         2304.029692390312      1012352.198036525981
 28           15.964735425448      1014652.649177846033         2314.330121048352      1012338.319056796958
 29           13.301668302573      1014650.192924923031         2321.778962231577      1012328.413962692022
 30           12.580795328134      1014648.294000815018         2327.828238295313      1012320.465762519045
 31            9.149906552040      1014646.777708275011         2332.902614060381      1012313.875094213989
 32            7.437534320399      1014645.596179011976         2337.062632913874      1012308.533546098042
 33            6.970953991334      1014644.856956833042         2339.795902726315      1012305.061054105987
 34            6.254921614030      1014644.352385550039         2341.743695935640      1012302.608689613990
 35            5.081444574422      1014643.994524340960         2343.179637673987      1012300.814886666951
 36            4.084559047662      1014643.702401263057         2344.397614095536      1012299.304787166999
 37            3.549975923411      1014643.473204146954         2345.393449570730      1012298.079754575971
 38            2.961673858097      1014643.322516388958         2346.074889713806      1012297.247626675991
 39            2.823719667774      1014643.230526863015         2346.505371392234      1012296.725155471009
 40            2.188195353705      1014643.160373952007         2346.843891059031      1012296.316482892958
 41            1.750723761429      1014643.096884623053         2347.160775292939      1012295.936109330039
 42            1.467715472562      1014643.055204860982         2347.376334053972      1012295.678870807053
 43            1.208731295644      1014643.023846499971         2347.544261948746      1012295.479584550951
 44            0.977805274845      1014643.001939320005         2347.665781919857      1012295.336157400976

loop2: max_iter=50, norm_reduction(target=0.001, final=0.00120686)
  i                   resNorm                         J                        Jb                      JoJc
  0           21.249665110821      1014681.869282520958         2347.665781919857      1012334.203500600997
  1           28.766373452527      1014673.670981216943         2347.575890538687      1012326.095090677962
  2           31.881859185999      1014668.395362708019         2347.994286202512      1012320.401076504961
  3           22.141308111447      1014666.528970796033         2348.249307111161      1012318.279663685011
  4           27.387845971275      1014662.367038556957         2348.494113823232      1012313.872924734023
  5           18.502530878301      1014660.718831509002         2348.732358135358      1012311.986473373021
  6           18.141574931544      1014659.049989243969         2349.161132243590      1012309.888857000973
  7           13.373440261310      1014657.250314460020         2349.761650636309      1012307.488663824042
  8           14.952657381491      1014655.831432095962         2350.300495308481      1012305.530936787953
  9           14.174213924404      1014654.425037365058         2351.171383007899      1012303.253654357046
 10           10.495662771224      1014653.662013586028         2351.662883368319      1012301.999130218057
 11           10.787460494239      1014652.668534831959         2352.230252691288      1012300.438282140996
 12            9.609430322366      1014652.023653574986         2352.800488050001      1012299.223165525007
 13            8.560266090337      1014651.446835350012         2353.362198212397      1012298.084637137945
 14            7.556457846657      1014651.035136018996         2353.749612365508      1012297.285523653030
 15            6.095861406699      1014650.558670941973         2354.002078826844      1012296.556592114968
 16            6.106156585216      1014650.153764176997         2354.157626220383      1012295.996137956041
 17            5.363750477800      1014649.929391041049         2354.239346362154      1012295.690044678980
 18            4.879057159295      1014649.733167988015         2354.214318950994      1012295.518849037006
 19            4.348073029282      1014649.578669955023         2354.182057908427      1012295.396612046054
 20            3.935939240569      1014649.434048066963         2354.175267046100      1012295.258781020995
 21            2.869180642804      1014649.334122931003         2354.181118187987      1012295.153004743042
 22            2.372832091864      1014649.224635498947         2354.200633048605      1012295.024002450053
 23            2.326562618225      1014649.160060610971         2354.252614330229      1012294.907446280005
 24            2.155141727718      1014649.113131306949         2354.259756985620      1012294.853374321014
 25            1.785656064249      1014649.082876292057         2354.264772072727      1012294.818104219041
 26            1.486960677689      1014649.054106322001         2354.236260638624      1012294.817845682963
 27            1.309221826982      1014649.031740896986         2354.160030231853      1012294.871710664942
 28            1.196520855698      1014649.014413821045         2354.092804168018      1012294.921609653044
 29            0.934131487266      1014649.001250208006         2354.012353209697      1012294.988896997995
 30            0.825191764754      1014648.990003632032         2353.942601814234      1012295.047401817981
 31            0.736839449023      1014648.983974206029         2353.891596734631      1012295.092377471039
 32            0.585585898026      1014648.978610064951         2353.852451188617      1012295.126158877043
 33            0.471573638670      1014648.974606040982         2353.819651471846      1012295.154954569996
 34            0.416398498664      1014648.971487274044         2353.788294192429      1012295.183193081990
 35            0.407849703873      1014648.969866764033         2353.773067241160      1012295.196799522964
 36            0.309447100873      1014648.968326256028         2353.758386241183      1012295.209940014989
 37            0.244499037646      1014648.967150458018         2353.752587060285      1012295.214563398040
 38            0.205482044141      1014648.966391516034         2353.752765837274      1012295.213625679025
 39            0.178042420199      1014648.965816252050         2353.751197502268      1012295.214618750033
 40            0.170790847273      1014648.965502875973         2353.751701649822      1012295.213801227044
 41            0.126754245313      1014648.965228657005         2353.756633797586      1012295.208594858996
 42            0.104712513806      1014648.965044594021         2353.763235550168      1012295.201809043996
 43            0.085805007612      1014648.964890477015         2353.773412324635      1012295.191478151944
 44            0.075595496503      1014648.964779976057         2353.781069654192      1012295.183710322017
 45            0.056071129186      1014648.964707626961         2353.787782706146      1012295.176924919942
 46            0.048741699608      1014648.964659173042         2353.791121618987      1012295.173537553987
 47            0.044021898848      1014648.964628758025         2353.793986924079      1012295.170641834033
 48            0.042026558586      1014648.964609739953         2353.795179104356      1012295.169430635055
 49            0.031503841855      1014648.964592888020         2353.796178926391      1012295.168413962005
 50            0.025645430944      1014648.964579622028         2353.798236618594      1012295.166343003977

