loop1: max_iter=50, norm_reduction(target=0.001, final=0.000974342)
  i                   resNorm                         J                        Jb                      JoJc
  0         1643.561000108189      1781119.521395182004            0.000000000000      1781119.521395182004
  1          889.572055464193      1775800.849377552979           20.944247464563      1775779.905130088096
  2          887.905199116587      1772230.898151172092           90.706273974824      1772140.191877197009
  3          771.636192559829      1769999.937240438070          189.218859892498      1769810.718380545964
  4          553.462938493489      1767856.921884207055          353.683622331344      1767503.238261875929
  5          577.472525308509      1766477.555497027002          516.487706738121      1765961.067790288944
  6          443.199799221056      1764780.882508353097          815.908326737011      1763964.974181615980
  7          426.428611311441      1763696.524560495978         1084.652277137719      1762611.872283357894
  8          371.911869965167      1762817.962945851032         1365.846637904100      1761452.116307947086
  9          304.874893561724      1762108.223808549112         1648.618144191430      1760459.605664358009
 10          263.342236440811      1761442.257017733064         1976.017530220446      1759466.239487512968
 11          293.346731104496      1760979.715172491036         2250.737118033330      1758728.978054458043
 12          204.720420286984      1760624.319438494043         2496.058159078023      1758128.261279416038
 13          170.728047193135      1760253.451879274100         2793.887955315457      1757459.563923957990
 14          160.663572111216      1759989.861771235941         3040.211369617809      1756949.650401618099
 15          145.313305526958      1759800.926165295998         3240.677079699581      1756560.249085596064
 16          123.556201704820      1759639.173866289901         3433.199737146952      1756205.974129142938
 17          104.052016300859      1759516.941731438972         3595.201948199266      1755921.739783239085
 18           86.494059753658      1759405.546844562050         3759.458976504928      1755646.087868056959
 19           75.350708281262      1759326.423457124038         3888.886488548010      1755437.536968576023
 20           70.813205386783      1759278.018551537069         3975.079655388551      1755302.938896148000
 21           57.430839258755      1759235.671143726911         4056.408272959456      1755179.262870766921
 22           56.333906610523      1759210.908835602924         4107.250506624235      1755103.658328979043
 23           45.185466549685      1759185.775550577091         4162.212066626233      1755023.563483950915
 24           41.141068924195      1759169.272651201114         4200.622079281316      1754968.650571919978
 25           33.395100862300      1759155.115044166101         4235.533535170436      1754919.581508995965
 26           28.448957163368      1759143.765863707988         4265.241874183932      1754878.523989523994
 27           24.217492329252      1759135.179747977061         4289.088325100217      1754846.091422876110
 28           20.928728306702      1759129.059981321916         4307.060030915577      1754821.999950405909
 29           17.475103493856      1759124.451729861088         4321.323973505776      1754803.127756355098
 30           13.924882907652      1759120.713791358052         4333.528130663987      1754787.185660694027
 31           11.619953469455      1759118.242756843101         4342.026220664888      1754776.216536178021
 32           10.319519630044      1759116.392381771933         4348.714444878419      1754767.677936893888
 33            9.562279157802      1759115.338671165984         4352.694110477311      1754762.644560689107
 34            7.627788577332      1759114.432858329965         4356.253569765076      1754758.179288564948
 35            6.735136408696      1759113.797313276911         4358.852767503398      1754754.944545774022
 36            5.661366875477      1759113.304231320973         4360.949111447584      1754752.355119874002
 37            4.587315609946      1759112.970895818900         4362.419555672546      1754750.551340145990
 38            3.687309727984      1759112.700261438033         4363.658057744145      1754749.042203692952
 39            3.040203340203      1759112.490025941981         4364.659578087902      1754747.830447854009
 40            2.584472312913      1759112.357015752001         4365.318622963518      1754747.038392788963
 41            2.398057343924      1759112.267747462029         4365.776993180561      1754746.490754282102
 42            1.914007065644      1759112.213083521929         4366.066495688792      1754746.146587833064
 43            1.601389738530      1759112.167361473897         4366.315916359022      1754745.851445114939

loop2: max_iter=50, norm_reduction(target=0.001, final=0.000971347)
  i                   resNorm                         J                        Jb                      JoJc
  0           50.723405390538      1759233.735244763084         4366.315916359022      1754867.419328403892
  1           35.705444230826      1759200.925873911008         4370.683883607344      1754830.241990304086
  2           35.091278930947      1759193.792968200985         4372.656630344103      1754821.136337856995
  3           30.519186134075      1759189.929347889032         4373.928353020835      1754816.000994868111
  4           34.777795220924      1759186.522847075947         4375.392808011413      1754811.130039063981
  5           21.503399545239      1759181.164122767048         4378.147968825871      1754803.016153940931
  6           24.478278447179      1759178.249234281015         4380.086145528587      1754798.163088751957
  7           20.031058712197      1759175.543187326984         4381.535042495482      1754794.008144831983
  8           15.840511372777      1759173.694474993972         4382.832873964285      1754790.861601029988
  9           15.997855114061      1759171.908639081055         4383.971944211377      1754787.936694869073
 10           15.439351042743      1759170.913713360904         4384.865363581567      1754786.048349780031
 11           12.713972370547      1759169.691435402958         4385.755948256215      1754783.935487146955
 12           13.442207814387      1759168.700423689093         4386.426853955091      1754782.273569734069
 13           10.692804251276      1759167.953275724081         4387.053608785672      1754780.899666937999
 14            8.634327348209      1759167.051713546971         4387.994113302947      1754779.057600243948
 15            8.484455174607      1759166.401379971066         4388.765208312641      1754777.636171658989
 16            6.810342536383      1759165.811499747913         4389.627076871569      1754776.184422875987
 17            7.418531729211      1759165.370014674030         4390.335069335184      1754775.034945338964
 18            5.214188282328      1759165.031940127956         4391.007246901456      1754774.024693225976
 19            4.717809323810      1759164.779636190040         4391.505106937606      1754773.274529252900
 20            4.101909119980      1759164.578984630061         4392.002058019246      1754772.576926610898
 21            3.391952393346      1759164.388476436026         4392.396709986418      1754771.991766449995
 22            3.351507113226      1759164.272564026061         4392.703683705907      1754771.568880320061
 23            2.536156608210      1759164.196835743031         4392.843744706490      1754771.353091036901
 24            2.546650237013      1759164.139555881033         4392.999766217841      1754771.139789663022
 25            2.096015807032      1759164.096531519899         4393.154163853532      1754770.942367665935
 26            1.841524259498      1759164.053288127994         4393.254740357311      1754770.798547771061
 27            1.430540787413      1759164.021582517074         4393.341101172025      1754770.680481344927
 28            1.212926728724      1759163.997147500981         4393.400037922239      1754770.597109579016
 29            1.025864751899      1759163.979894824093         4393.449512664690      1754770.530382158933
 30            0.935696104592      1759163.967347749043         4393.468371784251      1754770.498975964030
 31            0.893217522898      1759163.959600833012         4393.483912192385      1754770.475688640960
 32            0.623125299155      1759163.951929893112         4393.535348611819      1754770.416581280995
 33            0.568607383047      1759163.945869436953         4393.573900252528      1754770.371969183907
 34            0.489128092055      1759163.942090248922         4393.592472978703      1754770.349617270986
 35            0.426405219899      1759163.939375265036         4393.594214398788      1754770.345160865923
 36            0.353901351353      1759163.937348458916         4393.587994608530      1754770.349353851052
 37            0.282328372574      1759163.935691304971         4393.583460624619      1754770.352230679942
 38            0.233664684189      1759163.934601065004         4393.572957492050      1754770.361643573036
 39            0.190919713961      1759163.933783838991         4393.576143707585      1754770.357640132075
 40            0.161711738765      1759163.933252518065         4393.586888962899      1754770.346363554941
 41            0.155837255986      1759163.932958855061         4393.596615296352      1754770.336343558040
 42            0.124301324256      1759163.932751829037         4393.605267265355      1754770.327484563924
 43            0.103252392814      1759163.932571792044         4393.616462576323      1754770.316109216074
 44            0.087996097416      1759163.932444253005         4393.629813300743      1754770.302630952094
 45            0.081693554250      1759163.932354941033         4393.639297098852      1754770.293057841947
 46            0.063068170094      1759163.932281181915         4393.650476379657      1754770.281804803060
 47            0.049270029263      1759163.932227178011         4393.659997263930      1754770.272229914088

