loop1: max_iter=50, norm_reduction(target=0.001, final=0.000897129)
  i                   resNorm                         J                        Jb                      JoJc
  0         1443.358056023015      1526197.307080090977            0.000000000000      1526197.307080090977
  1         1159.295044430633      1521551.380364147015           20.721755478714      1521530.658608668018
  2          899.957004348804      1518167.003640125971           78.952948998417      1518088.050691128010
  3          721.375847356416      1516019.184814613080          156.388975856321      1515862.795838756952
  4          602.181330910497      1514186.692536354065          271.230326968179      1513915.462209386053
  5          520.106872997904      1512142.274239060003          491.844053062594      1511650.430185998091
  6          497.516159770080      1510777.222603667062          719.366813212996      1510057.855790453963
  7          400.447901974259      1509705.116070283111          963.970154261943      1508741.145916020963
  8          329.692002141628      1508512.817215377931         1334.045324635385      1507178.771890742937
  9          287.605596596529      1507681.537270660046         1675.803131127296      1506005.734139533015
 10          252.848672451104      1507059.564118518960         1995.658720557191      1505063.905397962080
 11          254.310850559916      1506591.567531422013         2286.438901936746      1504305.128629486077
 12          216.081029970654      1506300.592884046026         2495.484365207310      1503805.108518839115
 13          190.739358858469      1506015.849096077029         2727.625695108894      1503288.223400967894
 14          179.531633435964      1505765.891695216065         2960.214515432885      1502805.677179782884
 15          142.429691133192      1505601.323978400091         3131.728240778670      1502469.595737621887
 16          120.445374390602      1505420.025348465890         3343.161683940970      1502076.863664525095
 17          116.140509582816      1505298.766318460926         3501.478362575706      1501797.287955885055
 18           96.743495370142      1505211.755431853933         3626.048868874952      1501585.706562978914
 19           89.295573139883      1505143.283129516989         3732.443094305223      1501410.840035211993
 20           76.583173901016      1505094.163705690997         3814.600382959707      1501279.563322731992
 21           59.797198226369      1505036.781210598070         3918.766735337866      1501118.014475259930
 22           62.247445467448      1505002.563116020989         3986.230249509760      1501016.332866511075
 23           51.048450038006      1504976.472419711063         4041.257172633475      1500935.215247078100
 24           43.799900983144      1504957.163152385969         4084.523037847852      1500872.640114539070
 25           33.723241066800      1504938.387166141067         4129.349973480786      1500809.037192659918
 26           32.826494697117      1504925.539576740935         4162.093964337705      1500763.445612404030
 27           27.302444382194      1504917.729751118924         4183.102438090861      1500734.627313029021
 28           24.360878517078      1504911.060506080044         4201.934330829523      1500709.126175251091
 29           19.192323484873      1504905.804827516899         4217.537207889036      1500688.267619627994
 30           15.441439261227      1504901.051253325073         4232.440659927652      1500668.610593396937
 31           14.673375836146      1504898.135015266947         4242.090723173400      1500656.044292093022
 32           11.272740545753      1504895.867384797893         4249.969848931248      1500645.897535867058
 33           10.751157965708      1504894.353304861113         4255.479516623886      1500638.873788237106
 34            8.161092909215      1504893.163197084097         4260.005004734867      1500633.158192348899
 35            6.742117977131      1504892.210861868924         4263.796804256399      1500628.414057612885
 36            6.092915962110      1504891.622357814107         4266.246103978283      1500625.376253834926
 37            4.988889129998      1504891.193334707059         4268.104535410752      1500623.088799295947
 38            4.058049958806      1504890.886806102004         4269.484563636428      1500621.402242464945
 39            3.295402518223      1504890.663876513019         4270.527121630878      1500620.136754882056
 40            2.719792263283      1504890.506172142923         4271.293231531823      1500619.212940610945
 41            2.300004345430      1504890.387839952949         4271.890939892179      1500618.496900060913
 42            2.012271732755      1504890.322814574931         4272.231175962309      1500618.091638613027
 43            1.679314868107      1504890.269685583888         4272.518297068299      1500617.751388516044
 44            1.294878246968      1504890.231853246922         4272.729707789285      1500617.502145458013

loop2: max_iter=50, norm_reduction(target=0.001, final=0.000973222)
  i                   resNorm                         J                        Jb                      JoJc
  0           68.586947528448      1504923.384599728975         4272.729707789285      1500650.654891940067
  1           53.286141733997      1504905.262874043081         4273.333151509178      1500631.929722534027
  2           37.636265433277      1504882.365493647987         4275.057308833158      1500607.308184815105
  3           39.810832619189      1504879.021893027006         4275.402514026012      1500603.619379000971
  4           38.515868661331      1504872.665001125075         4276.427510421195      1500596.237490704050
  5           28.543988107202      1504867.719483094988         4277.239869275349      1500590.479613818927
  6           28.945849098252      1504862.806627844926         4278.555528910140      1500584.251098935027
  7           28.307620598525      1504859.869172482984         4279.165146317373      1500580.704026165884
  8           20.362421774264      1504856.276547669899         4280.139321550897      1500576.137226118939
  9           17.141456927915      1504853.325183586916         4281.169886445621      1500572.155297141988
 10           14.835157520392      1504850.863040203927         4282.614486403437      1500568.248553801095
 11           16.304658565685      1504848.734508180991         4283.681358800151      1500565.053149380023
 12           12.690693735786      1504847.367369934916         4284.245878383688      1500563.121491550934
 13           13.668722753614      1504846.484343267046         4284.546745938987      1500561.937597328098
 14            9.408841254263      1504845.419939511921         4284.927811746993      1500560.492127764970
 15            9.621580475518      1504844.359535634983         4285.403006832698      1500558.956528803101
 16            8.737157944494      1504843.743776985910         4285.915825704044      1500557.827951282030
 17            7.671896953376      1504843.131759887096         4286.289774176305      1500556.841985710897
 18            7.666299727799      1504842.736067065038         4286.628011643099      1500556.108055420918
 19            6.311231056177      1504842.341547420947         4286.920127109291      1500555.421420312021
 20            5.179750822556      1504842.012975038029         4287.300913982394      1500554.712061055936
 21            4.553347240098      1504841.743700900115         4287.477585081710      1500554.266115817940
 22            4.854414843093      1504841.595236476045         4287.495988434785      1500554.099248040933
 23            3.586761110828      1504841.457838349044         4287.462449912077      1500553.995388437063
 24            2.816445326250      1504841.311333535938         4287.500448952313      1500553.810884583043
 25            2.436110201802      1504841.214088631095         4287.546115210668      1500553.667973419884
 26            2.235531487414      1504841.154380415101         4287.589903136734      1500553.564477277920
 27            1.933579229395      1504841.103430279065         4287.519552016717      1500553.583878262900
 28            1.724399361724      1504841.071910462109         4287.502183462170      1500553.569727000082
 29            1.352446810873      1504841.043834414100         4287.477302079895      1500553.566532334080
 30            1.395543822226      1504841.026086831000         4287.465830645181      1500553.560256185941
 31            1.109118294060      1504841.010585855925         4287.470043118864      1500553.540542737115
 32            0.937915775685      1504840.998192135012         4287.464218746796      1500553.533973387908
 33            0.804169533588      1504840.989474276081         4287.439164390896      1500553.550309885060
 34            0.682474616502      1504840.981910560979         4287.398948358358      1500553.582962203072
 35            0.573770840227      1504840.976874839980         4287.364872529216      1500553.612002311042
 36            0.406646443438      1504840.972861679038         4287.343637566089      1500553.629224112956
 37            0.364654825711      1504840.970014258055         4287.320753407947      1500553.649260849925
 38            0.300362048033      1504840.968176814029         4287.312948429209      1500553.655228385003
 39            0.246623254097      1504840.966951711103         4287.314586900493      1500553.652364809997
 40            0.209167793019      1504840.966090817004         4287.324352595896      1500553.641738221049
 41            0.175171158765      1504840.965509305010         4287.330833939142      1500553.634675366106
 42            0.148298227837      1504840.965125802904         4287.347315088698      1500553.617810714059
 43            0.110148812616      1504840.964808366029         4287.358134083341      1500553.606674283044
 44            0.100699706126      1504840.964605224086         4287.365036298382      1500553.599568925099
 45            0.088205390667      1504840.964497712906         4287.372243997977      1500553.592253715033
 46            0.066750336587      1504840.964400771074         4287.382037701971      1500553.582363069057

