loop1: max_iter=50, norm_reduction(target=0.001, final=0.000969912)
  i                   resNorm                         J                        Jb                      JoJc
  0          948.626793846214       900092.695922567043            0.000000000000       900092.695922567043
  1          546.815271746151       896834.278393773013           23.596776999901       896810.681616773130
  2          435.293731817963       895142.078643018031           73.623738378180       895068.454904639861
  3          379.057170985991       894341.373646561289          121.850086110950       894219.523560450296
  4          319.553543187761       893356.963733018143          228.837850479018       893128.125882539083
  5          260.590966539356       892656.524837306235          353.971933908286       892302.552903397940
  6          246.764921741917       892116.282154680346          494.587979254205       891621.694175426150
  7          215.900063151725       891738.976602889947          626.004658912178       891112.971943977755
  8          192.306664069840       891416.510763849248          768.792614920763       890647.718148928485
  9          168.670351915024       891159.623171071522          909.652281633353       890249.970889438177
 10          135.089465415503       890931.245101000299         1062.068830481190       889869.176270519150
 11          121.553714622854       890778.102045074920         1183.353714349702       889594.748330725241
 12          103.254196786116       890647.033352696104         1304.089745122252       889342.943607573863
 13           87.967863127278       890542.466535020503         1415.461982331667       889127.004552688799
 14           90.381143970135       890485.451124529587         1483.616242675699       889001.834881853894
 15           63.879757476023       890431.938508530147         1554.042725786040       888877.895782744163
 16           52.903990787499       890382.457430548151         1626.572623761680       888755.884806786431
 17           48.472116249096       890348.343601528904         1682.280877089979       888666.062724438962
 18           41.334445261188       890324.199365657405         1725.613212638615       888598.586153018754
 19           37.279056658869       890307.915231024846         1757.304835899865       888550.610395124997
 20           30.036919157527       890295.649937153561         1782.948092077336       888512.701845076168
 21           26.582158833688       890287.313205878017         1801.542509710673       888485.770696167368
 22           21.601539561381       890279.457526740502         1820.269090448969       888459.188436291530
 23           17.406596408410       890273.163585798233         1836.416045275503       888436.747540522716
 24           13.673756286938       890269.202258908073         1847.300511303492       888421.901747604599
 25           12.946075841171       890266.544325859286         1855.063093916096       888411.481231943239
 26            9.820017779010       890264.397894347901         1861.722099468000       888402.675794879906
 27            8.873757859343       890263.109184946399         1865.951352768111       888397.157832178287
 28            6.954893915646       890262.172320391401         1869.184144602829       888392.988175788545
 29            5.442339530774       890261.436047621304         1871.858771351750       888389.577276269556
 30            4.837030089614       890260.910082222195         1873.875693657634       888387.034388564527
 31            3.945735827964       890260.592572883703         1875.155283162926       888385.437289720750
 32            3.315982296163       890260.356642924482         1876.150456868690       888384.206186055788
 33            2.694817166906       890260.190136805410         1876.885538583761       888383.304598221672
 34            2.207635913214       890260.075175813050         1877.415963822581       888382.659211990424
 35            1.812971087870       890260.001450402779         1877.770472562351       888382.230977840372
 36            1.588203232119       890259.958753179992         1877.983259588814       888381.975493591162
 37            1.362841577865       890259.927578646224         1878.143743883993       888381.783834762173
 38            1.094590697128       890259.902901079389         1878.275135211715       888381.627765867626
 39            0.920084854649       890259.885093519231         1878.373321837763       888381.511771681486

loop2: max_iter=50, norm_reduction(target=0.001, final=0.000915879)
  i                   resNorm                         J                        Jb                      JoJc
  0           28.390939602142       890341.532020793878         1878.373321837763       888463.158698956133
  1           44.222798188065       890333.742336443858         1879.600245982716       888454.142090461100
  2           21.753886414455       890326.152579978341         1881.790869416444       888444.361710561905
  3           21.218839345565       890321.986753729056         1883.662502505684       888438.324251223356
  4           15.326645022956       890319.833416306763         1884.600586363093       888435.232829943649
  5           15.971883295283       890316.173952082871         1887.718640902515       888428.455311180325
  6           14.215783661612       890314.470890608849         1889.401067854476       888425.069822754362
  7           12.091253863574       890313.373538044747         1890.408135031389       888422.965403013397
  8           11.097649992648       890312.143419872853         1891.580171112636       888420.563248760183
  9            9.669673604143       890310.916257884470         1893.221882053652       888417.694375830819
 10            8.073212113877       890310.012180258520         1894.436159898351       888415.576020360226
 11            7.023233689270       890309.447619612562         1895.293293415022       888414.154326197575
 12            6.166690227057       890308.961583420401         1896.107176585955       888412.854406834464
 13            5.478443525432       890308.522666501114         1896.839037522350       888411.683628978790
 14            5.325237436458       890308.221600019373         1897.359292584405       888410.862307435018
 15            4.565089332497       890308.052719069528         1897.618930344624       888410.433788724942
 16            4.192401678548       890307.869951991364         1897.888435232152       888409.981516759261
 17            3.072445374058       890307.716893502162         1898.096172733750       888409.620720768464
 18            3.096693105429       890307.621997964336         1898.272239956585       888409.349758007796
 19            2.912618984902       890307.540400059777         1898.343168661302       888409.197231398430
 20            2.258437176209       890307.474284292664         1898.436053579320       888409.038230713340
 21            2.362350518450       890307.422578393947         1898.497235643717       888408.925342750270
 22            1.595225540715       890307.384816376027         1898.557441811574       888408.827374564484
 23            1.370751841742       890307.355648514465         1898.593100189415       888408.762548325001
 24            1.070952920931       890307.328549234546         1898.595311547192       888408.733237687382
 25            1.003885925845       890307.310666084173         1898.587506432309       888408.723159651854
 26            0.761734408552       890307.298559452989         1898.559565261171       888408.738994191866
 27            0.598022038458       890307.290186345810         1898.551516933604       888408.738669412211
 28            0.543222699357       890307.284265817609         1898.521404148329       888408.762861669296
 29            0.411904647424       890307.279871980892         1898.499658494998       888408.780213485938
 30            0.363401299499       890307.277164949104         1898.483979735036       888408.793185214046
 31            0.338017417482       890307.275370209594         1898.470546529746       888408.804823679850
 32            0.253598385204       890307.274077710230         1898.448025106032       888408.826052604243
 33            0.220764225380       890307.273194880225         1898.431729325220       888408.841465555015
 34            0.178271319202       890307.272577678901         1898.418791094736       888408.853786584223
 35            0.140475588233       890307.272044457612         1898.403240658548       888408.868803799036
 36            0.121664949417       890307.271746978047         1898.393963761534       888408.877783216536
 37            0.112334596827       890307.271567847230         1898.392512595448       888408.879055251833
 38            0.089796748370       890307.271400009398         1898.391096482159       888408.880303527229
 39            0.067042231812       890307.271296191029         1898.389728549030       888408.881567641976
 40            0.059596166907       890307.271228895755         1898.392731803560       888408.878497092170
 41            0.049805430206       890307.271173309535         1898.395366465083       888408.875806844444
 42            0.039039693380       890307.271137170610         1898.398123781476       888408.873013389180
 43            0.031885330057       890307.271111582057         1898.400328144796       888408.870783437276
 44            0.026002664303       890307.271094998694         1898.401656295823       888408.869438702823

