loop1: max_iter=50, norm_reduction(target=0.001, final=0.00078551)
  i                   resNorm                         J                        Jb                      JoJc
  0         1119.355525509277      1741063.796027417993            0.000000000000      1741063.796027417993
  1         1088.019763435884      1733801.111371170962           84.195382845303      1733716.915988324909
  2         1004.483325621563      1731543.699408798013          153.278880338313      1731390.420528458897
  3          551.522520338986      1728458.787790525006          320.700735554800      1728138.087054969976
  4          612.620037997255      1725736.283199630911          600.478640074579      1725135.804559557000
  5          446.326473159930      1723859.711430622032          914.301771130909      1722945.409659490921
  6          461.168300594662      1722357.482922421070         1275.340037664104      1721082.142884756904
  7          321.050645731419      1721123.154272868996         1678.236571531455      1719444.917701337952
  8          296.547617753728      1720206.138351839036         2066.112381688597      1718140.025970150018
  9          258.094241363142      1719503.644658935023         2438.206898526746      1717065.437760408036
 10          221.337892772404      1718885.092817933066         2841.686141662253      1716043.406676270068
 11          209.438095531265      1718555.110719308956         3095.427676014109      1715459.683043295052
 12          169.703770473973      1718202.115733247949         3408.615764624850      1714793.499968623044
 13          144.421606810527      1717952.114873837912         3664.191853704377      1714287.923020133981
 14          126.619611726353      1717754.091010347940         3893.871725738476      1713860.219284609891
 15          112.699807370538      1717613.461257704999         4076.620206221802      1713536.841051483061
 16           97.077253448926      1717510.639933869941         4224.049029416510      1713286.590904454002
 17           80.571257155722      1717419.521687909961         4367.817906153708      1713051.703781757038
 18           77.573121679037      1717359.914777009981         4470.643274158341      1712889.271502851974
 19           63.965086334125      1717310.110688819084         4563.720253096110      1712746.390435722889
 20           50.943958999745      1717270.626458467916         4643.544974199950      1712627.081484267954
 21           45.379533569944      1717242.834871853935         4704.035975733153      1712538.798896121094
 22           35.081614559280      1717220.015706771985         4757.391329097769      1712462.624377673957
 23           34.859115307013      1717204.641381371999         4795.911352974374      1712408.730028396938
 24           28.453033108746      1717195.051665263018         4821.370578605827      1712373.681086658034
 25           27.724726016127      1717186.108024788089         4846.471972627016      1712339.636052160989
 26           20.901864250566      1717179.945830856916         4864.746984395468      1712315.198846461950
 27           17.823505441159      1717175.064297920093         4879.983733066976      1712295.080564853037
 28           13.898709632530      1717171.417425044114         4891.968224420032      1712279.449200623902
 29           12.292463216719      1717168.608983979095         4901.695030146128      1712266.913953833049
 30           10.697191916376      1717166.967037108028         4907.660768159179      1712259.306268949062
 31            9.490900864121      1717165.646807553945         4912.670040118244      1712252.976767435903
 32            7.307998102783      1717164.711079704110         4916.374982727863      1712248.336096975952
 33            6.057715626639      1717163.991984406952         4919.344141493892      1712244.647842914099
 34            5.052744502627      1717163.485053989105         4921.528129999269      1712241.956923989113
 35            4.061642705544      1717163.119694465073         4923.169432006812      1712239.950262458995
 36            3.444260394536      1717162.876543244114         4924.306858302557      1712238.569684941089
 37            2.794169202865      1717162.699220068986         4925.169815632086      1712237.529404436937
 38            2.260318672582      1717162.573507189984         4925.806468461225      1712236.767038729042
 39            1.995949496397      1717162.493819884025         4926.225653036098      1712236.268166847993
 40            1.646104887761      1717162.443879453000         4926.497339477477      1712235.946539975004
 41            1.304431556130      1717162.402268216014         4926.731452374126      1712235.670815841993
 42            1.159493029294      1717162.376030962914         4926.884210466442      1712235.491820496973
 43            0.879265506796      1717162.357834293973         4926.993565841376      1712235.364268451929

loop2: max_iter=50, norm_reduction(target=0.001, final=0.000827335)
  i                   resNorm                         J                        Jb                      JoJc
  0           50.455279327768      1717242.634265037952         4926.993565841376      1712315.640699195908
  1           37.609763682456      1717213.384578017984         4928.925675415700      1712284.458902603015
  2           35.650955990994      1717205.947039867984         4930.037499453272      1712275.909540414112
  3           35.998306523491      1717203.379873679020         4930.498119061795      1712272.881754616974
  4           23.543332834463      1717198.320795791922         4931.540737442740      1712266.780058349948
  5           21.273430181603      1717195.577487072907         4932.444035266310      1712263.133451807080
  6           15.073613801639      1717192.286578435916         4934.004839236555      1712258.281739200000
  7           14.990832240663      1717189.563485726947         4935.815107750401      1712253.748377976008
  8           12.119066298638      1717188.139773529023         4936.966781225013      1712251.172992303967
  9           11.151896911066      1717186.801377007039         4938.230801575494      1712248.570575430989
 10           10.401584790094      1717185.793162215035         4939.309289868135      1712246.483872347046
 11            9.376660708886      1717184.985570275923         4940.230410167754      1712244.755160108907
 12            8.360502811584      1717184.278845709050         4941.101594562260      1712243.177251147106
 13            6.738114270280      1717183.613720959984         4941.977934069198      1712241.635786890052
 14            6.988254926093      1717183.125999717042         4942.358152739842      1712240.767846977105
 15            5.586742356169      1717182.852264191024         4942.594436268928      1712240.257827922003
 16            4.459394356353      1717182.543767411029         4942.740932022543      1712239.802835389040
 17            3.949766791644      1717182.302867111983         4942.820051983108      1712239.482815128984
 18            3.964132315777      1717182.152577955043         4942.938696181016      1712239.213881774107
 19            3.144418416450      1717182.023096672026         4942.936194012481      1712239.086902660085
 20            2.944420181107      1717181.918948154896         4943.019390373326      1712238.899557782104
 21            2.406419261907      1717181.845681397943         4943.061721618745      1712238.783959778957
 22            2.095087368677      1717181.788846709998         4943.059120051932      1712238.729726657970
 23            1.894255248502      1717181.741643893067         4943.052696227679      1712238.688947665039
 24            1.524708912014      1717181.706754845101         4943.051686748606      1712238.655068096938
 25            1.289571609662      1717181.677970431978         4943.044573250115      1712238.633397181984
 26            1.158598404973      1717181.660050952109         4943.023040606762      1712238.637010345003
 27            1.011268259619      1717181.645181410946         4942.969772641994      1712238.675408768933
 28            0.914992214490      1717181.636185578071         4942.928779727261      1712238.707405850990
 29            0.753703851295      1717181.629116418073         4942.887477199642      1712238.741639218992
 30            0.622816581612      1717181.623137335060         4942.862395855313      1712238.760741479928
 31            0.473830588048      1717181.618581009097         4942.841999530100      1712238.776581479004
 32            0.457130284006      1717181.615223441971         4942.828139929320      1712238.787083513103
 33            0.391335187872      1717181.613240150036         4942.814128085177      1712238.799112064997
 34            0.301921107176      1717181.611451613018         4942.798203857385      1712238.813247754937
 35            0.260743550930      1717181.610083648004         4942.794256395200      1712238.815827253042
 36            0.200742461047      1717181.609209453920         4942.790764885215      1712238.818444568897
 37            0.170027336285      1717181.608537238091         4942.790838890652      1712238.817698346917
 38            0.144821728436      1717181.608153115958         4942.789400967556      1712238.818752148887
 39            0.111580159909      1717181.607851600973         4942.788332003015      1712238.819519598968
 40            0.095327324757      1717181.607660847018         4942.792023860735      1712238.815636985935
 41            0.076616844046      1717181.607529561967         4942.797677624578      1712238.809851936996
 42            0.066679561882      1717181.607437499100         4942.804282438476      1712238.803155061090
 43            0.052922691503      1717181.607380097965         4942.810999971618      1712238.796380127082
 44            0.041743409140      1717181.607336715097         4942.818990237181      1712238.788346478017

