loop1: max_iter=50, norm_reduction(target=0.001, final=0.00118389)
  i                   resNorm                         J                        Jb                      JoJc
  0         1815.755551976118      1147436.276862886036            0.000000000000      1147436.276862886036
  1         1197.679921477804      1141870.603948346106           18.791030353978      1141851.812917992007
  2          818.561557086398      1137715.135497432901           81.401978226188      1137633.733519206988
  3          761.487407636820      1135011.053349853028          181.084496665064      1134829.968853187980
  4          605.749105234455      1132717.662491838913          340.911155988223      1132376.751335850917
  5          592.291921189036      1131416.626629018923          480.252155730557      1130936.374473288888
  6          513.606114893006      1130188.430198735092          663.525695811315      1129524.904502924066
  7          411.332668079851      1129174.016838896088          867.258178101016      1128306.758660794934
  8          380.329890194406      1128312.626778952079         1092.927213322299      1127219.699565629940
  9          307.825504281049      1127613.182735898998         1325.498370098455      1126287.684365800116
 10          298.519969015638      1127093.816745738965         1537.317988105697      1125556.498757634079
 11          273.576829135232      1126656.132537645986         1751.088595890235      1124905.043941756012
 12          249.861046233777      1126277.216324150097         1969.810500734269      1124307.405823416077
 13          215.415038404485      1125959.250077642966         2183.863458244613      1123775.386619397905
 14          197.703628597735      1125721.824608990923         2366.581601105519      1123355.243007885059
 15          169.387612229770      1125495.692601653980         2564.003805737726      1122931.688795916969
 16          164.985742528387      1125346.851388249081         2709.411215902768      1122637.440172346076
 17          137.389048941097      1125222.065056110965         2843.358368939542      1122378.706687171943
 18          127.916772663577      1125100.148935602978         2987.606856234051      1122112.542079369072
 19          106.882342043492      1125012.425738356076         3101.507657143128      1121910.918081213022
 20          110.082884549697      1124943.081829599105         3199.147492353779      1121743.934337245068
 21           85.931880227654      1124887.267245115014         3283.810879177713      1121603.456365936901
 22           88.342962893723      1124841.556660064962         3358.172926829130      1121483.383733235998
 23           66.770443346869      1124799.372216803022         3431.821625293601      1121367.550591509091
 24           65.712657073698      1124770.916137821972         3484.856654929572      1121286.059482892975
 25           50.972918203262      1124743.773379015038         3538.707712545435      1121205.065666469047
 26           51.174857268844      1124721.661624931032         3585.567211225411      1121136.094413706101
 27           43.211636950331      1124707.545485364040         3617.255355768748      1121090.290129594970
 28           38.832537199845      1124693.967460003914         3649.412005842599      1121044.555454161949
 29           33.198381787167      1124685.553902162006         3670.357533202223      1121015.196368959965
 30           29.228689917131      1124676.659875269979         3693.617224115138      1120983.042651155032
 31           26.915955384739      1124670.730128603056         3709.923010593787      1120960.807118010009
 32           23.574216947213      1124666.217831031885         3722.881352885119      1120943.336478146957
 33           20.428051933815      1124662.141790864989         3735.110376294527      1120927.031414570054
 34           16.925303507382      1124659.026204526890         3744.881794423189      1120914.144410104025
 35           16.214587145314      1124656.917489275103         3751.764786787290      1120905.152702488005
 36           14.882788359855      1124655.315350312041         3757.183959964066      1120898.131390348077
 37           13.119089946000      1124653.993130418938         3761.812180857942      1120892.180949561065
 38           10.611490223997      1124652.868853382999         3765.886702344430      1120886.982151038013
 39            9.805445726219      1124651.984691729071         3769.205901540011      1120882.778790188953
 40            8.689184128669      1124651.348637701944         3771.674275242968      1120879.674362458987
 41            7.373805428322      1124650.816529280040         3773.806085479995      1120877.010443799896
 42            6.420508858334      1124650.388874049997         3775.576192964618      1120874.812681084964
 43            5.970827446487      1124650.107418633997         3776.776684515235      1120873.330734119052
 44            5.259328551043      1124649.879985701991         3777.773640071044      1120872.106345630949
 45            4.100780636766      1124649.676247888943         3778.692861369633      1120870.983386518899
 46            3.875508580742      1124649.506938955048         3779.481354870237      1120870.025584084913
 47            3.177833025006      1124649.393214230891         3780.027339257993      1120869.365874972893
 48            2.846702402600      1124649.306643106975         3780.454636458943      1120868.852006647969
 49            2.352624817090      1124649.230771131115         3780.840230133475      1120868.390540997032
 50            2.149660395533      1124649.179883613950         3781.106445043093      1120868.073438571068

loop2: max_iter=50, norm_reduction(target=0.001, final=0.00166261)
  i                   resNorm                         J                        Jb                      JoJc
  0           64.828764100019      1124633.701391797978         3781.106445043093      1120852.594946753932
  1           73.058082266075      1124619.976056148997         3782.430263920616      1120837.545792228077
  2           36.806868359181      1124606.726751484908         3783.971656229640      1120822.755095256027
  3           32.695714506503      1124601.316385444021         3785.825197834969      1120815.491187609034
  4           28.445394035335      1124598.339592491044         3787.085871212626      1120811.253721277928
  5           23.189043225526      1124594.987171822926         3788.893885430229      1120806.093286392977
  6           19.133115322059      1124593.172087344108         3790.138021581399      1120803.034065763000
  7           16.694469760220      1124591.337945092004         3791.475787015295      1120799.862158075906
  8           14.700616246724      1124589.921841121046         3792.788271364451      1120797.133569756988
  9           13.715633303467      1124588.607635977911         3794.214019746032      1120794.393616232090
 10           12.908795435516      1124587.804670552956         3795.232045107111      1120792.572625445900
 11           10.288163864394      1124586.951215849956         3796.373419647456      1120790.577796203084
 12           10.386918824230      1124586.361745885108         3797.312825863752      1120789.048920020927
 13            8.298553368035      1124585.865157471038         3798.268687408474      1120787.596470063087
 14            9.163692651241      1124585.360341720050         3799.268314043613      1120786.092027676990
 15            7.947282529288      1124584.957042043097         3800.141492342886      1120784.815549700987
 16            7.006229902267      1124584.522668468999         3801.100957036717      1120783.421711432980
 17            7.215090753942      1124584.277550363913         3801.742351258594      1120782.535199105041
 18            6.040894667225      1124584.012573016109         3802.495721927495      1120781.516851088032
 19            5.920465051770      1124583.780948102009         3803.204611817484      1120780.576336285099
 20            5.256853247832      1124583.588349798927         3803.866529192387      1120779.721820607083
 21            4.461841975414      1124583.425662752008         3804.438501561758      1120778.987161190016
 22            3.959204705188      1124583.293915050104         3804.937074297753      1120778.356840752065
 23            3.653506692303      1124583.196243708022         3805.225871358600      1120777.970372349024
 24            3.387688410131      1124583.114497482078         3805.424107037819      1120777.690390443895
 25            3.096833949106      1124583.052642876981         3805.534699593195      1120777.517943284009
 26            2.825867388454      1124583.000839398010         3805.572996526388      1120777.427842871984
 27            2.433405049102      1124582.960215507075         3805.560704500856      1120777.399511005962
 28            2.212083457114      1124582.923939415952         3805.532075192437      1120777.391864222940
 29            1.760746957491      1124582.894401208032         3805.478646928954      1120777.415754278889
 30            1.643942159164      1124582.865823718952         3805.420698485911      1120777.445125232916
 31            1.495091610327      1124582.846846584929         3805.423348062606      1120777.423498522025
 32            1.321505205619      1124582.833071542904         3805.426342560081      1120777.406728982925
 33            1.237706564182      1124582.821017171955         3805.439579186021      1120777.381437985925
 34            1.017879417385      1124582.811837746063         3805.452769646246      1120777.359068098944
 35            0.947808706696      1124582.805165791884         3805.447826198006      1120777.357339594048
 36            0.742543666960      1124582.800135601079         3805.449317800261      1120777.350817800034
 37            0.689424822812      1124582.795471410966         3805.461979102077      1120777.333492309088
 38            0.557186361363      1124582.792381528998         3805.460662430951      1120777.331719099078
 39            0.509343088584      1124582.789647720056         3805.446249776718      1120777.343397944001
 40            0.449037234581      1124582.787585668033         3805.438664675944      1120777.348920992110
 41            0.381119502646      1124582.786176478956         3805.431729282232      1120777.354447196936
 42            0.330382684657      1124582.784926657099         3805.423913673418      1120777.361012982903
 43            0.300538169495      1124582.784158745082         3805.419142575450      1120777.365016168915
 44            0.264380285154      1124582.783479406964         3805.423007406086      1120777.360472000903
 45            0.234406378491      1124582.782934233081         3805.430585542390      1120777.352348691085
 46            0.199251877060      1124582.782513357932         3805.438128499520      1120777.344384857919
 47            0.162983541858      1124582.782196474029         3805.446232218144      1120777.335964255966
 48            0.137585427178      1124582.781950792996         3805.456116113837      1120777.325834678952
 49            0.126174587116      1124582.781781218946         3805.465924951254      1120777.315856267931
 50            0.107784740121      1124582.781644484028         3805.478743771415      1120777.302900712937

