loop1: max_iter=50, norm_reduction(target=0.001, final=0.000996991)
  i                   resNorm                         J                        Jb                      JoJc
  0         1208.973482859018      1423635.009760715067            0.000000000000      1423635.009760715067
  1         1021.201279631761      1419287.281042169081           25.865526376362      1419261.415515793022
  2         1019.489652171144      1417761.408207685919           51.672123545240      1417709.736084141070
  3          591.230768202565      1415987.261311576003          106.974080342863      1415880.287231232971
  4          564.593613042546      1414070.222459154902          224.626897197094      1413845.595561957918
  5          423.558335990090      1412788.094201235101          358.468013897402      1412429.626187338028
  6          399.492534416131      1412000.634564581094          475.624909128246      1411525.009655453032
  7          355.335117911688      1411293.587406212930          617.044695599869      1410676.542710612994
  8          307.662362607372      1410566.905065845000          813.354247776969      1409753.550818067975
  9          332.541262453882      1410125.404651673045          965.998553465018      1409159.406098206993
 10          231.838811053277      1409697.932625677902         1146.017760801057      1408551.914864877006
 11          227.675212653339      1409386.540166747058         1302.834822419202      1408083.705344327958
 12          178.560402049061      1409113.918559022946         1464.194108572889      1407649.724450449925
 13          205.100784622265      1408945.026840861887         1578.752876136611      1407366.273964724969
 14          151.034662454886      1408776.932931201998         1707.395020157862      1407069.537911044899
 15          121.518906274881      1408588.047737355111         1874.091867785148      1406713.955869569909
 16          109.094078850958      1408468.966800488997         1994.662193682145      1406474.304606806021
 17          101.805891515773      1408382.191229656106         2092.811593552507      1406289.379636103055
 18           87.707049112306      1408317.113758174935         2173.888480464564      1406143.225277710939
 19           78.258165617407      1408257.173388348892         2255.989880477364      1406001.183507872047
 20           62.090358142913      1408208.706237792037         2329.060222786899      1405879.646015004953
 21           54.256096284636      1408172.567678963998         2388.662824735125      1405783.904854228953
 22           45.270779383339      1408142.539483797038         2442.717396252642      1405699.822087544017
 23           38.263357410796      1408119.753160007065         2487.432567509863      1405632.320592497010
 24           36.128854050705      1408105.307648964925         2518.015631989194      1405587.292016976047
 25           29.645459792542      1408094.973142337054         2541.337400443024      1405553.635741893901
 26           26.135371163807      1408086.051563367946         2562.772726786505      1405523.278836582089
 27           21.002443747977      1408079.577949410072         2579.326286248614      1405500.251663160976
 28           17.193764450865      1408074.434623100096         2593.298923356528      1405481.135699744103
 29           16.204371251259      1408070.703897618921         2604.066582106097      1405466.637315513100
 30           14.254777680641      1408068.357285927981         2611.209746732922      1405457.147539194906
 31           12.176576576862      1408066.880758698098         2615.898792221800      1405450.981966475956
 32            9.800614154056      1408065.303435719106         2621.136521320849      1405444.166914398083
 33            8.960330207399      1408064.234515510034         2624.862495393307      1405439.372020117007
 34            7.869245641103      1408063.560431519989         2627.311376555861      1405436.249054963933
 35            6.582397853130      1408063.002377921948         2629.417348476125      1405433.585029446054
 36            5.679006197383      1408062.610016578110         2630.954366154652      1405431.655650422908
 37            4.353614257122      1408062.241415878059         2632.456704425500      1405429.784711451968
 38            4.316593237676      1408062.024079249939         2633.378092372928      1405428.645986876916
 39            3.529233516002      1408061.849220415112         2634.146387241312      1405427.702833174029
 40            2.848695090364      1408061.731957220007         2634.679345081837      1405427.052612137981
 41            2.278893282751      1408061.620451621013         2635.204851597448      1405426.415600023931
 42            2.038985156688      1408061.548372743884         2635.557928415738      1405425.990444327937
 43            1.785993781447      1408061.501408237964         2635.796005598434      1405425.705402639927
 44            1.491803715398      1408061.467005877057         2635.975975661816      1405425.491030215053
 45            1.205336228528      1408061.440526965074         2636.118919233087      1405425.321607731981

loop2: max_iter=50, norm_reduction(target=0.001, final=0.000993638)
  i                   resNorm                         J                        Jb                      JoJc
  0           57.482338868307      1408015.395931618055         2636.118919233087      1405379.277012384962
  1           44.482695565192      1408005.778756198008         2636.945586998974      1405368.833169199992
  2           58.354585554637      1408002.251570445020         2637.384570296959      1405364.867000147933
  3           37.705349546907      1407992.893280402990         2638.829542977974      1405354.063737425022
  4           41.686804445316      1407986.503185292939         2640.401113760106      1405346.102071532980
  5           29.713861217151      1407978.846120902104         2642.767491321393      1405336.078629580094
  6           24.898383398490      1407973.496323771076         2644.876839655724      1405328.619484114926
  7           26.816047820372      1407968.407590104034         2647.227912244489      1405321.179677860113
  8           23.215070475184      1407966.155259408057         2648.596602368317      1405317.558657039888
  9           23.222232592295      1407962.829746358097         2651.114777463567      1405311.714968893910
 10           17.019206648676      1407960.418757080100         2653.127279816332      1405307.291477263905
 11           22.471997255723      1407958.382578196935         2654.747251022046      1405303.635327175027
 12           13.994139222945      1407956.691756068962         2656.189899133605      1405300.501856935909
 13           14.952704488662      1407954.960044085979         2657.913514843615      1405297.046529243002
 14           13.865097370612      1407953.693155084038         2659.343002829877      1405294.350152254105
 15           12.093469432098      1407952.915462207049         2659.987003770229      1405292.928458437091
 16           12.340595936076      1407952.053673766088         2660.662770083636      1405291.390903681982
 17            9.434589517831      1407951.170414218912         2661.508595739150      1405289.661818479886
 18            7.898424870725      1407950.552533000940         2662.351672388475      1405288.200860613026
 19            6.070547215507      1407949.920923734084         2663.169796014689      1405286.751127720112
 20            6.105348152421      1407949.503192283912         2663.498466744969      1405286.004725538893
 21            4.868515090390      1407949.180780282011         2663.790424054365      1405285.390356227988
 22            4.433153917242      1407948.874693892896         2663.927572626540      1405284.947121266974
 23            3.652189385302      1407948.677160034887         2663.753821788258      1405284.923338246997
 24            3.394146726765      1407948.522276513977         2663.570944768502      1405284.951331744902
 25            2.946924073420      1407948.435726092895         2663.421291974732      1405285.014434118057
 26            2.427490323708      1407948.346943747019         2663.166470919758      1405285.180472827051
 27            2.000274296907      1407948.285671429010         2662.939252654404      1405285.346418774920
 28            1.818582660207      1407948.241383184912         2662.791469591696      1405285.449913593009
 29            1.801075706330      1407948.211683531990         2662.663995584828      1405285.547687947052
 30            1.380910448925      1407948.185357437003         2662.538674217155      1405285.646683220053
 31            1.121224963218      1407948.169343746034         2662.467466855715      1405285.701876889914
 32            0.918621013908      1407948.154148004949         2662.410789162283      1405285.743358843029
 33            0.852403398965      1407948.144349626033         2662.371115259161      1405285.773234366905
 34            0.783895685976      1407948.137982747983         2662.340268047652      1405285.797714699991
 35            0.637624334410      1407948.132590791909         2662.295869937339      1405285.836720854975
 36            0.560728262818      1407948.128581630066         2662.263526555505      1405285.865055074915
 37            0.491774453243      1407948.125726090046         2662.225192886131      1405285.900533203967
 38            0.408858771161      1407948.123200947884         2662.199354130078      1405285.923846818041
 39            0.335872665878      1407948.121576760896         2662.179019289390      1405285.942557472037
 40            0.304066411491      1407948.120033805026         2662.158769416230      1405285.961264389101
 41            0.235821690398      1407948.119151609018         2662.152976993097      1405285.966174616013
 42            0.209697877898      1407948.118417666992         2662.153806189124      1405285.964611477917
 43            0.178407377024      1407948.117948191008         2662.159596074139      1405285.958352117101
 44            0.155504952991      1407948.117574413074         2662.165600167019      1405285.951974245952
 45            0.113932828999      1407948.117327287095         2662.171564859415      1405285.945762427989
 46            0.093612926886      1407948.117133121938         2662.176704224139      1405285.940428897971
 47            0.088324432466      1407948.117014498916         2662.183313769428      1405285.933700730093
 48            0.079392121960      1407948.116928915959         2662.190228862395      1405285.926700053969
 49            0.057116625652      1407948.116857911926         2662.195142147688      1405285.921715765027

