loop1: max_iter=50, norm_reduction(target=0.001, final=0.000950105)
  i                   resNorm                         J                        Jb                      JoJc
  0         2102.617708565531       977685.158336143941            0.000000000000       977685.158336143941
  1         1256.884160127307       973055.170753984246            9.697705973649       973045.473048010608
  2          966.165562346877       968972.348993330845           55.445799532198       968916.903193798615
  3          688.918529916211       966889.734573459835          110.138975121650       966779.595598338172
  4          695.902773305558       965186.934541871422          191.962966024539       964994.971575846896
  5          556.122241544052       964119.296010608552          271.857436433735       963847.438574174768
  6          488.220094403804       963187.026361826924          369.997554700651       962817.028807126218
  7          392.156570654874       962158.259926356957          524.845212225610       961633.414714131388
  8          331.460249300220       961316.712325982400          703.318183975197       960613.394142007222
  9          320.546678892750       960547.820792573504          926.758024244168       959621.062768329284
 10          305.143313561284       960143.251582584460         1075.175798091135       959068.075784493354
 11          291.785149862048       959757.329837243422         1243.666463058773       958513.663374184631
 12          258.201874361371       959460.674254869693         1395.341650216279       958065.332604653435
 13          198.829267203113       959147.734539406956         1581.688822847246       957566.045716559747
 14          171.172965285681       958825.254904946545         1810.268748367845       957014.986156578758
 15          168.918384630977       958642.031830881373         1961.269088478278       956680.762742403080
 16          143.838270022614       958483.521892239107         2108.373247938775       956375.148644300294
 17          122.408464234398       958356.187898471137         2240.547334997666       956115.640563473455
 18          110.481663954130       958244.609175532940         2369.713490984722       955874.895684548188
 19           96.544017224450       958167.674233224709         2468.037908274749       955699.636324949912
 20           79.213827820554       958102.619712757878         2558.882197128615       955543.737515629269
 21           66.431974076298       958040.424552756944         2654.486855057507       955385.937697699410
 22           60.838599306801       957998.964311511605         2724.450806008228       955274.513505503419
 23           52.735507125238       957965.779596592300         2785.310750054676       955180.468846537638
 24           46.215540812221       957942.153919205652         2832.077740090896       955110.076179114752
 25           44.499710228670       957927.415477898903         2863.141764911382       955064.273712987546
 26           36.915716509067       957913.308056736598         2894.671207437076       955018.636849299539
 27           30.876589778023       957903.702348374994         2917.397451518869       954986.304896856076
 28           25.598001140818       957894.260952124023         2941.072079552171       954953.188872571802
 29           24.176502588649       957888.354665412800         2956.758685124380       954931.595980288461
 30           19.306188053104       957883.161956058000         2971.307774533008       954911.854181524948
 31           16.243840294035       957879.238478682819         2982.918632291671       954896.319846391096
 32           14.796779639556       957876.387204017024         2991.810881733856       954884.576322283130
 33           12.835512462402       957874.540200796095         2997.844500549730       954876.695700246375
 34           11.048999808267       957872.975041035679         3003.185013894548       954869.790027141105
 35            9.837384522598       957871.868032028899         3007.127839679159       954864.740192349767
 36            7.970848471019       957871.020147738745         3010.271283919997       954860.748863818706
 37            7.348263698142       957870.419373312034         3012.585008494144       954857.834364817943
 38            5.733332424997       957869.925513721071         3014.559648959067       954855.365864761989
 39            5.336249984194       957869.598194433376         3015.916512097644       954853.681682335678
 40            4.457037215506       957869.333269472700         3017.053483935716       954852.279785536928
 41            3.877668357633       957869.138880251907         3017.917064562740       954851.221815689118
 42            3.443933211142       957868.986918471637         3018.615574393312       954850.371344078332
 43            2.756231964098       957868.881493136170         3019.116145620003       954849.765347516164
 44            2.452555058627       957868.793782465043         3019.546288310645       954849.247494154377
 45            1.997708297023       957868.737653565942         3019.830279393916       954848.907374172006

loop2: max_iter=50, norm_reduction(target=0.001, final=0.0012267)
  i                   resNorm                         J                        Jb                      JoJc
  0           70.455412412761       957805.206682040938         3019.830279393916       954785.376402647002
  1           55.468617953046       957798.959769991925         3020.158898964590       954778.800871027284
  2           62.136334677968       957787.394237141241         3020.731944546318       954766.662292594905
  3           47.903940489198       957775.307905679569         3022.318686282817       954752.989219396724
  4           43.930276864169       957769.577113356092         3023.256748016751       954746.320365339285
  5           36.369253887050       957764.264707730734         3024.497261072326       954739.767446658458
  6           29.616018014291       957760.974955944577         3025.282291990798       954735.692663953756
  7           29.314893206461       957753.662260342157         3026.869717074721       954726.792543267482
  8           29.298212456082       957750.169634208200         3027.738396398821       954722.431237809360
  9           25.032121337991       957747.360893190722         3028.478068657597       954718.882824533153
 10           22.855046611903       957745.025340218795         3029.325660441819       954715.699679777026
 11           21.138603687967       957742.649439132889         3029.881405860210       954712.768033272703
 12           19.754202845823       957740.076314666891         3030.745000328765       954709.331314338138
 13           16.158355450765       957738.073793955729         3031.752063760635       954706.321730195079
 14           15.678385069994       957736.370821193908         3032.968231768165       954703.402589425794
 15           12.833461129489       957734.887481210870         3033.848318358825       954701.039162852103
 16           11.652205592974       957733.764359612833         3034.417637806284       954699.346721806563
 17            9.852818353204       957732.548517924035         3035.086604863745       954697.461913060280
 18            9.171977369685       957731.672510114964         3035.152173679463       954696.520336435526
 19            8.096104025890       957730.988617488765         3035.188526097010       954695.800091391779
 20            7.461009047366       957730.485872955527         3035.341460355738       954695.144412599737
 21            6.593751435169       957730.143383007380         3035.358807661638       954694.784575345693
 22            5.020996409469       957729.766366850352         3035.326787430923       954694.439579419442
 23            5.158688236613       957729.512097723316         3035.445656203565       954694.066441519768
 24            4.188320235168       957729.279624120914         3035.639137670671       954693.640486450284
 25            3.394661986946       957729.123139980249         3035.657938596069       954693.465201384155
 26            3.138830630555       957729.009386670543         3035.537824194271       954693.471562476247
 27            2.799689331143       957728.927563472418         3035.439426591794       954693.488136880682
 28            2.384763609186       957728.857186782523         3035.415023180381       954693.442163602100
 29            2.547323942509       957728.809875747887         3035.410971711354       954693.398904036498
 30            1.846989247328       957728.772454567719         3035.439839571843       954693.332614995888
 31            1.717951479984       957728.741487460444         3035.426760443059       954693.314727017423
 32            1.396043702853       957728.715744185494         3035.400168315264       954693.315575870220
 33            1.224722160562       957728.697612501448         3035.372692984166       954693.324919517268
 34            1.092672503236       957728.683729456505         3035.364684798803       954693.319044657750
 35            0.898459696415       957728.671862492105         3035.371605884656       954693.300256607472
 36            0.836455675115       957728.664355075103         3035.372709943264       954693.291645131889
 37            0.703536025360       957728.658265979146         3035.377842497658       954693.280423481483
 38            0.595661325868       957728.653410547413         3035.390090636213       954693.263319911202
 39            0.520797544565       957728.650010623503         3035.378960391151       954693.271050232346
 40            0.435667529455       957728.647816947661         3035.376850779875       954693.270966167795
 41            0.362852127065       957728.645850332337         3035.381125497222       954693.264724835171
 42            0.333427494857       957728.644654022530         3035.384959774073       954693.259694248438
 43            0.266806071374       957728.643590777414         3035.397100904335       954693.246489873040
 44            0.229112245227       957728.642754907371         3035.409319950701       954693.233434956637
 45            0.187850222114       957728.642277146457         3035.418988332773       954693.223288813722
 46            0.176728225888       957728.641884412733         3035.439584089487       954693.202300323290
 47            0.142412658835       957728.641651875107         3035.455988479332       954693.185663395794
 48            0.116580167117       957728.641405547271         3035.474882984186       954693.166522563086
 49            0.103795242737       957728.641269446816         3035.485529693104       954693.155739753740
 50            0.086427383663       957728.641159761464         3035.494513168372       954693.146646593115

