loop1: max_iter=50, norm_reduction(target=0.001, final=0.000935199)
  i                   resNorm                         J                        Jb                      JoJc
  0         1461.619001497499       938777.867619182682            0.000000000000       938777.867619182682
  1         1065.788336862444       935602.685963844880            9.438408903433       935593.247554941452
  2          670.536933526919       932808.994649309781           47.095716347464       932761.898932962329
  3          555.815129803035       931891.170710509061           72.401633183560       931818.769077325473
  4          492.264283861166       931069.127124818508          109.660791230052       930959.466333588469
  5          384.912713292559       930301.102868782589          165.971613279796       930135.131255502813
  6          306.000845837815       929476.924726252444          264.271443131108       929212.653283121297
  7          258.951653275542       928838.843720975914          382.074870149825       928456.768850826076
  8          223.407185461041       928367.401513739023          505.416733215407       927861.984780523577
  9          190.527655375266       927968.954128819518          646.023939374171       927322.930189445382
 10          185.796786533212       927675.236027438776          780.170234940486       926895.065792498295
 11          142.534295167715       927471.241260588402          894.199771850085       926577.041488738265
 12          124.665014596930       927231.643862946890         1059.253866026552       926172.389996920363
 13          110.339610390784       927105.289303973434         1163.985547154787       925941.303756818641
 14          103.449245259877       926993.267730165855         1271.363372413722       925721.904357752181
 15           91.107575884685       926916.366384820663         1355.350456342248       925561.015928478446
 16           79.035707297745       926856.830087914248         1427.870735630760       925428.959352283506
 17           62.124900982339       926808.993046615971         1492.311952926444       925316.681093689520
 18           57.175868346152       926766.060210748925         1556.476134761250       925209.584075987688
 19           52.379603622783       926737.402504872414         1603.700709097098       925133.701795775327
 20           41.411266089612       926717.408096120809         1639.381341026147       925078.026755094645
 21           38.424241876939       926701.016669359407         1670.876900485800       925030.139768873574
 22           31.247979236591       926687.588379950612         1698.686755519255       924988.901624431368
 23           28.335554324659       926678.692178572877         1718.416542792209       924960.275635780650
 24           23.449325614833       926670.738992216764         1737.258704939323       924933.480287277489
 25           19.587965752720       926665.343495576060         1750.888942519349       924914.454553056741
 26           15.997728764820       926660.920267067035         1762.770214432991       924898.150052634068
 27           13.354404699104       926657.858349654940         1771.506971657424       924886.351377997547
 28           11.767259211152       926655.619355570409         1778.271862260558       924877.347493309877
 29           10.060075234423       926654.016266999068         1783.387689223265       924870.628577775788
 30            8.469161712230       926652.871964858845         1787.230731032267       924865.641233826522
 31            7.125424175407       926652.078213408007         1790.025394615299       924862.052818792756
 32            6.084063751847       926651.470043882146         1792.266713467368       924859.203330414835
 33            5.246584828073       926651.017690664739         1794.011848798805       924857.005841865903
 34            4.277191667767       926650.708387357532         1795.257692161772       924855.450695195817
 35            3.531203491726       926650.466967607150         1796.271891133340       924854.195076473756
 36            2.922551306075       926650.309061030042         1796.962940748443       924853.346120281611
 37            2.404400528014       926650.184492502129         1797.530588579478       924852.653903922648
 38            1.887570661405       926650.098497920553         1797.938963233910       924852.159534686594
 39            1.760578069768       926650.042994868243         1798.213033593689       924851.829961274518
 40            1.366904225216       926650.003739379696         1798.414108858238       924851.589630521485

loop2: max_iter=50, norm_reduction(target=0.001, final=0.000914549)
  i                   resNorm                         J                        Jb                      JoJc
  0           31.051814070750       926774.695928364410         1798.414108858238       924976.281819506199
  1           45.298971406664       926758.362756082788         1799.777702493732       924958.585053589079
  2           45.424892381652       926754.060396052548         1800.164886844510       924953.895509208087
  3           35.557143872696       926745.678979254095         1801.810582712683       924943.868396541453
  4           30.458540979915       926743.326107748784         1802.397728652194       924940.928379096556
  5           35.363707535382       926740.373637112789         1803.220992652995       924937.152644459740
  6           26.106627301237       926735.547439746559         1804.619206085854       924930.928233660758
  7           22.840309396969       926731.229182159528         1806.340136195323       924924.889045964228
  8           18.914901055276       926727.646098033409         1808.524687877962       924919.121410155436
  9           19.679677821825       926724.666140046786         1811.179868383027       924913.486271663802
 10           16.340150186780       926721.910105122719         1813.763793447253       924908.146311675431
 11           14.334800501682       926719.780508194934         1816.337954470353       924903.442553724628
 12           13.458470841815       926718.180162739474         1818.541036106642       924899.639126632828
 13            9.907269662357       926717.046613585670         1820.164493993776       924896.882119591930
 14            9.354922394364       926716.084642870585         1821.449852232397       924894.634790638229
 15            8.014942023564       926715.310346344253         1822.700869322684       924892.609477021615
 16            7.243801929755       926714.841975889751         1823.278076460432       924891.563899429282
 17            5.719623005920       926714.299720002222         1823.859522430559       924890.440197571646
 18            6.217084414486       926713.998231704114         1824.198744564843       924889.799487139215
 19            5.238129015069       926713.740681617288         1824.417393224769       924889.323288392508
 20            3.894998042669       926713.545302657178         1824.575135394305       924888.970167262829
 21            3.311844548984       926713.342776950332         1824.694579833637       924888.648197116680
 22            3.392456848129       926713.238984857919         1824.883260860505       924888.355723997462
 23            2.685889234796       926713.138175491826         1824.997215084529       924888.140960407327
 24            2.283007132226       926713.057155500632         1825.065128000696       924887.992027499946
 25            2.055824352651       926712.992593195988         1825.194385959832       924887.798207236105
 26            1.625226902124       926712.955968130962         1825.192645388608       924887.763322742307
 27            1.576461142068       926712.921839295537         1825.184812671220       924887.737026624265
 28            1.325552949402       926712.902712922660         1825.176976183009       924887.725736739696
 29            1.011505426736       926712.882451007725         1825.127602395610       924887.754848612123
 30            0.976866065100       926712.867493716534         1825.062058178920       924887.805435537593
 31            0.722613137308       926712.857100122375         1824.991790261605       924887.865309860790
 32            0.617980185115       926712.850433248561         1824.935733019195       924887.914700229419
 33            0.548646066305       926712.845885785297         1824.891369527557       924887.954516257741
 34            0.414771104681       926712.842386192759         1824.824899854013       924888.017486338736
 35            0.386763322774       926712.840406987118         1824.791419761154       924888.048987225979
 36            0.339154647387       926712.838668369572         1824.766783439221       924888.071884930367
 37            0.270380877802       926712.837364514358         1824.757993996615       924888.079370517749
 38            0.199960943058       926712.836507336004         1824.759936046024       924888.076571290032
 39            0.179022103419       926712.835876175901         1824.763696500681       924888.072179675219
 40            0.163052914212       926712.835318443715         1824.765873959988       924888.069444483728
 41            0.123692260843       926712.835038681165         1824.771405412899       924888.063633268233
 42            0.097551665272       926712.834815784357         1824.776281465830       924888.058534318581
 43            0.081984443438       926712.834648492979         1824.779801708434       924888.054846784566
 44            0.064122651751       926712.834543865058         1824.783327226510       924888.051216638531
 45            0.052928621145       926712.834473980009         1824.782365685900       924888.052108294098
 46            0.049226586494       926712.834429334616         1824.780858732501       924888.053570602089
 47            0.041042404698       926712.834398763720         1824.779504549514       924888.054894214263
 48            0.032500790385       926712.834378069849         1824.776238674135       924888.058139395667
 49            0.028398410425       926712.834363770671         1824.773248641560       924888.061115129152

