loop1: max_iter=50, norm_reduction(target=0.001, final=0.00083184)
  i                   resNorm                         J                        Jb                      JoJc
  0         1033.590124011495      1267957.654677032959            0.000000000000      1267957.654677032959
  1          871.821824226824      1266003.255797337042            7.150883517286      1265996.104913820047
  2          631.484336411205      1264597.729334391886           26.332722895665      1264571.396611496108
  3          387.124258538783      1263523.297982851975           58.785368113720      1263464.512614737963
  4          430.502976728675      1262908.938448474044           92.254837050329      1262816.683611423941
  5          440.924957114972      1262414.944605068071          134.318951330069      1262280.625653736992
  6          291.328499985617      1261849.010370034957          205.991968257509      1261643.018401776906
  7          301.861832578156      1261344.445205280092          299.627283057685      1261044.817922221962
  8          245.804728645833      1260947.043384497985          401.039651371471      1260546.003733126912
  9          209.240672556678      1260594.927393886959          518.608862141466      1260076.318531745113
 10          209.506998258689      1260338.064030437032          626.558949581718      1259711.505080854986
 11          163.675358672288      1260121.700163780013          736.847583316694      1259384.852580463048
 12          151.226798704497      1259893.691300390987          878.616190546162      1259015.075109845027
 13          133.929142560635      1259774.064404142089          966.243944163298      1258807.820459978888
 14          100.980713420658      1259652.768387886928         1067.720130570619      1258585.048257315997
 15           88.860519214353      1259534.377956880955         1183.345728822238      1258351.032228058903
 16           95.305657468113      1259481.370072376914         1242.037739280050      1258239.332333097002
 17           76.829323490232      1259424.332069060998         1311.788692164048      1258112.543376896996
 18           56.632068788113      1259378.526913743000         1373.964490711474      1258004.562423032010
 19           52.078778967883      1259343.336267997976         1426.768041688601      1257916.568226309028
 20           46.577811362948      1259320.177799107041         1464.776756498841      1257855.401042608079
 21           39.268638048067      1259299.560944407014         1501.584246708071      1257797.976697698934
 22           33.334344998954      1259283.950917793903         1531.905917601570      1257752.045000192011
 23           31.342794242757      1259273.340812464012         1554.130179410620      1257719.210633052979
 24           25.317681077381      1259264.492537203943         1574.007246385856      1257690.485290817916
 25           20.590021746251      1259257.688662600005         1590.385177805469      1257667.303484793985
 26           16.548867483394      1259252.750427222112         1603.084944963031      1257649.665482258890
 27           14.513996282423      1259248.869597563986         1613.748594232373      1257635.121003330918
 28           11.733837445272      1259246.349937473889         1621.120220235505      1257625.229717239039
 29           10.100314660959      1259244.509396586102         1626.823407561304      1257617.685989025049
 30            7.789951565151      1259243.190642679110         1631.144141335052      1257612.046501344070
 31            7.307150709113      1259242.288183271885         1634.263442273882      1257608.024740997935
 32            5.619078871137      1259241.620526748942         1636.693352670728      1257604.927174078999
 33            4.827228333421      1259241.196385849966         1638.312339559506      1257602.884046291001
 34            3.788139052845      1259240.827872015070         1639.789488460663      1257601.038383553969
 35            3.278830500113      1259240.635413588956         1640.597114363326      1257600.038299225969
 36            2.654879952866      1259240.481690818910         1641.269291296618      1257599.212399523007
 37            2.196822291732      1259240.371647652006         1641.771691589410      1257598.599956061924
 38            1.757663011026      1259240.295715935994         1642.133404745565      1257598.162311190972
 39            1.475445787665      1259240.244739135960         1642.386403732890      1257597.858335403027
 40            1.294572576627      1259240.212452936918         1642.552862714597      1257597.659590221941
 41            1.070735810997      1259240.190119130071         1642.672114589885      1257597.518004539888
 42            0.859781742723      1259240.174764790107         1642.756866108235      1257597.417898681946

loop2: max_iter=50, norm_reduction(target=0.001, final=0.000916811)
  i                   resNorm                         J                        Jb                      JoJc
  0           23.769348249016      1259310.436692374991         1642.756866108235      1257667.679826265899
  1           38.637009782142      1259289.901760363020         1643.197022434846      1257646.704737927997
  2           51.353677758859      1259283.513799325097         1643.890662028253      1257639.623137297109
  3           35.826322392339      1259278.398205346894         1644.768247962913      1257633.629957383964
  4           35.416184119761      1259274.351774113020         1645.527861036473      1257628.823913075961
  5           34.360392418183      1259271.904538797913         1646.093975969094      1257625.810562829021
  6           20.480995616764      1259267.200295082992         1647.287239071220      1257619.913056011079
  7           21.089375887763      1259264.957492514979         1647.799519608754      1257617.157972906018
  8           17.120062463072      1259261.597040669061         1649.138161012100      1257612.458879657090
  9           15.482362058742      1259260.360499671893         1649.914624114559      1257610.445875556907
 10           12.575937145403      1259259.469601379940         1650.484191275365      1257608.985410104971
 11           11.716479012672      1259258.300883841002         1651.393428201317      1257606.907455639914
 12           10.044911165251      1259257.812295020092         1651.723877466752      1257606.088417553110
 13            8.758875918616      1259257.178252381040         1652.188070529779      1257604.990181850968
 14            9.884876049728      1259256.494231194956         1652.613686869935      1257603.880544325104
 15            5.820099017387      1259256.095480206888         1652.976610434791      1257603.118869771948
 16            5.934255533515      1259255.692306980956         1653.303336269781      1257602.388970711036
 17            5.409900820858      1259255.354337189114         1653.426769276097      1257601.927567912033
 18            4.755938538236      1259255.067928538891         1653.536069194666      1257601.531859344104
 19            4.565651641927      1259254.917286294047         1653.557721253509      1257601.359565041028
 20            4.986656740806      1259254.758380518062         1653.553060030954      1257601.205320487032
 21            3.676677063900      1259254.592921169940         1653.503564858974      1257601.089356310898
 22            3.409695420036      1259254.440819195006         1653.494974937524      1257600.945844257949
 23            2.887305453406      1259254.338627583114         1653.491109154060      1257600.847518428927
 24            2.387382537249      1259254.264276416041         1653.474976277006      1257600.789300139062
 25            2.005442826264      1259254.212541863089         1653.429991432576      1257600.782550429925
 26            1.397889935410      1259254.170667981030         1653.411752381071      1257600.758915599901
 27            1.097112858855      1259254.140092721907         1653.372859810230      1257600.767232911894
 28            0.979390185466      1259254.123191111954         1653.362875080885      1257600.760316031054
 29            0.837739152465      1259254.110285341972         1653.339366380920      1257600.770918960916
 30            0.724191606386      1259254.099770182976         1653.284028276982      1257600.815741905943
 31            0.602959624711      1259254.092837993987         1653.247515026322      1257600.845322967041
 32            0.526342907727      1259254.086935122963         1653.219241624928      1257600.867693498032
 33            0.427464915779      1259254.083576906938         1653.202834797547      1257600.880742110079
 34            0.381104061602      1259254.081296487013         1653.182426281369      1257600.898870205972
 35            0.283364406038      1259254.079510275973         1653.175183435665      1257600.904326840071
 36            0.229515717365      1259254.078192977002         1653.166913286994      1257600.911279689986
 37            0.198211659285      1259254.077302600956         1653.168536718652      1257600.908765882021
 38            0.151851758555      1259254.076703870902         1653.155544966567      1257600.921158904908
 39            0.136160404178      1259254.076330485987         1653.149414262274      1257600.926916223019
 40            0.104302164981      1259254.076075630961         1653.139097852063      1257600.936977779027
 41            0.088601848412      1259254.075907496968         1653.137497520165      1257600.938409976894
 42            0.073171358335      1259254.075782123022         1653.136193884142      1257600.939588238019
 43            0.063963309174      1259254.075714010047         1653.133546527521      1257600.942167482106
 44            0.054812896113      1259254.075652464060         1653.131215687332      1257600.944436776917
 45            0.042903172897      1259254.075610132888         1653.131661396255      1257600.943948737113
 46            0.034019342245      1259254.075581406010         1653.130971988232      1257600.944609418046
 47            0.028415204756      1259254.075564495055         1653.129276748828      1257600.946287747007
 48            0.021792005557      1259254.075552728958         1653.127585120294      1257600.947967608925

