loop1: max_iter=50, norm_reduction(target=0.001, final=0.000771395)
  i                   resNorm                         J                        Jb                      JoJc
  0         1125.334625499062      1228361.046552682063            0.000000000000      1228361.046552682063
  1         1323.418058084151      1225865.761799796019            9.833471369308      1225855.928328427020
  2          736.901478377961      1224198.341630598065           30.541283778410      1224167.800346819917
  3          621.926216243101      1223200.341608890099           53.842590371813      1223146.499018518021
  4          402.675537288728      1222193.529088736977           95.517982786628      1222098.011105950922
  5          512.277970699387      1221541.344411118887          140.284393082758      1221401.060018036980
  6          341.865649399850      1220964.934297623113          199.313776443492      1220765.620521178935
  7          353.240031392909      1220397.200521415100          283.451733448957      1220113.748787966091
  8          236.180999510051      1219840.978097696090          401.252960796397      1219439.725136898924
  9          218.170258508911      1219362.478950324934          542.822397380316      1218819.656552944100
 10          202.222053426715      1219051.274737351108          663.670264567765      1218387.604472784093
 11          186.964859311066      1218797.106068681926          786.013008854324      1218011.093059827108
 12          153.051677156131      1218557.933669121005          927.000317565963      1217630.933351554908
 13          147.386462798823      1218392.603227057960         1043.423036795943      1217349.180190261919
 14          117.747555101246      1218263.899190291995         1148.220650134501      1217115.678540156921
 15          114.645124979136      1218147.080830574036         1257.530514349896      1216889.550316224108
 16           97.685878586593      1218069.167061354965         1340.013928075400      1216729.153133280110
 17           80.681417312550      1218005.337337851990         1414.978276518088      1216590.359061334049
 18           78.114972552408      1217946.385136886034         1492.028992006675      1216454.356144879945
 19           64.283368594290      1217910.496514491038         1543.576135512702      1216366.920378977899
 20           53.183420038124      1217876.241674649063         1597.109997850480      1216279.131676798919
 21           51.834181568473      1217853.789540706901         1635.166366077392      1216218.623174630105
 22           42.663038056639      1217833.821618082933         1671.645112130197      1216162.176505953074
 23           32.957708432396      1217817.259911637055         1704.321594631704      1216112.938317005057
 24           29.916424499038      1217805.219703050097         1729.928622818647      1216075.291080232011
 25           27.440399752256      1217795.765719800023         1751.544203768441      1216044.221516032005
 26           20.823429782134      1217790.092762768967         1765.344970662287      1216024.747792107053
 27           17.303280330943      1217783.749778501922         1781.825106149171      1216001.924672353081
 28           14.575230437262      1217779.946330788080         1792.419106884462      1215987.527223903919
 29           12.223652330749      1217777.466820912901         1799.735813608710      1215977.731007304974
 30           10.865489701566      1217775.603867284954         1805.538799284115      1215970.065068000928
 31            8.854485659132      1217774.346358783077         1809.660900062526      1215964.685458720895
 32            8.234133055460      1217773.432986899046         1812.799866925094      1215960.633119974053
 33            7.309236565524      1217772.803145013051         1815.061547538334      1215957.741597475018
 34            5.959268234322      1217772.334141063970         1816.814404724766      1215955.519736340037
 35            4.631087475128      1217771.951117736986         1818.304701365693      1215953.646416370990
 36            4.398576285177      1217771.636291701114         1819.585278493146      1215952.051013207994
 37            4.003831418577      1217771.456629648106         1820.346444685434      1215951.110184961930
 38            2.925962315019      1217771.316521140048         1820.960753639804      1215950.355767499888
 39            2.408272760949      1217771.214153006906         1821.425255124157      1215949.788897881983
 40            2.005010747829      1217771.124091892038         1821.849987029340      1215949.274104862008
 41            1.695477257376      1217771.063762787031         1822.146391961158      1215948.917370826006
 42            1.291757929773      1217771.023719467921         1822.350710551930      1215948.673008915968
 43            1.142791135680      1217770.995091785910         1822.502293662684      1215948.492798123974
 44            0.868077849398      1217770.974639700959         1822.614743741047      1215948.359895959962

loop2: max_iter=50, norm_reduction(target=0.001, final=0.000900041)
  i                   resNorm                         J                        Jb                      JoJc
  0           26.169353492101      1217863.926524857990         1822.614743741047      1216041.311781116994
  1           48.550128679240      1217852.350913637085         1823.465601656250      1216028.885311980033
  2           31.440972398792      1217850.432347438065         1823.780053394279      1216026.652294043917
  3           38.768063023354      1217848.613346807892         1824.231050385457      1216024.382296422031
  4           22.697170353310      1217842.097104247892         1826.378771493934      1216015.718332753982
  5           27.582661510875      1217839.362708163913         1827.199425268408      1216012.163282895926
  6           31.314347884542      1217836.664413193008         1828.175724985358      1216008.488688207930
  7           18.395909597973      1217834.301814285107         1829.209846900146      1216005.091967385029
  8           18.074879590471      1217832.892164252931         1830.077118772801      1216002.815045479918
  9           17.152487161199      1217829.704188100994         1832.818172172485      1215996.886015929049
 10           15.789470533163      1217828.070169625105         1834.377125433739      1215993.693044190994
 11           13.056183669079      1217826.523420382058         1835.960857158738      1215990.562563223066
 12           11.151740738306      1217825.152573524974         1837.432024806412      1215987.720548718004
 13           10.381472695920      1217824.398706543026         1838.112172155960      1215986.286534388084
 14           10.020020290512      1217823.644464618992         1838.611971353315      1215985.032493265113
 15            8.273164456872      1217822.865942985984         1839.258308258304      1215983.607634728076
 16            7.719810687098      1217822.386209351942         1839.878717389100      1215982.507491962984
 17            6.476507613110      1217822.021641497966         1840.502740612008      1215981.518900885945
 18            5.729335299862      1217821.621406209888         1841.032233383410      1215980.589172825916
 19            5.703984411361      1217821.347185502993         1841.283664396296      1215980.063521106960
 20            3.755824947710      1217821.116276350105         1841.444722640711      1215979.671553710010
 21            3.725372662965      1217820.964268859010         1841.541705003074      1215979.422563856002
 22            3.229875990599      1217820.849385835929         1841.600860441927      1215979.248525393894
 23            3.362711696340      1217820.763044900959         1841.678439398601      1215979.084605501965
 24            2.619952004508      1217820.700224367902         1841.660249264012      1215979.039975103922
 25            2.289781462540      1217820.646772585111         1841.684547202379      1215978.962225381983
 26            1.731316906810      1217820.593922345899         1841.745048441327      1215978.848873904906
 27            1.492281569326      1217820.552520975936         1841.863575544003      1215978.688945431961
 28            1.211436463917      1217820.520585340913         1841.884499982620      1215978.636085357983
 29            1.158124821645      1217820.500937986886         1841.961346480038      1215978.539591507055
 30            0.945622031730      1217820.487989423098         1841.978782857230      1215978.509206566028
 31            0.815575243735      1217820.478719806066         1841.962292294496      1215978.516427512048
 32            0.721801174641      1217820.472969952039         1841.969134468891      1215978.503835482989
 33            0.603648678089      1217820.466977741104         1841.978962371242      1215978.488015369978
 34            0.500380448792      1217820.462957903976         1841.991438045702      1215978.471519858111
 35            0.440135273410      1217820.459798417985         1841.989065995318      1215978.470732423011
 36            0.354005408422      1217820.458120922092         1841.980384179609      1215978.477736742003
 37            0.353784883991      1217820.456853138050         1841.975212217686      1215978.481640920043
 38            0.255506858605      1217820.455592758022         1841.970706829618      1215978.484885927988
 39            0.242169237461      1217820.454961420968         1841.955822972584      1215978.499138447922
 40            0.180290899160      1217820.454313376918         1841.942433894945      1215978.511879483005
 41            0.150144458343      1217820.453902461100         1841.931278283568      1215978.522624178091
 42            0.124835932845      1217820.453526952071         1841.934128102993      1215978.519398848992
 43            0.095032062060      1217820.453295686981         1841.935375707719      1215978.517919979058
 44            0.081948284786      1217820.453131356975         1841.933616477701      1215978.519514878979
 45            0.077188891933      1217820.453035454964         1841.933254876236      1215978.519780579023
 46            0.052031965978      1217820.452962467913         1841.931934027509      1215978.521028440911
 47            0.047253985195      1217820.452903357102         1841.929711384365      1215978.523191973101
 48            0.037164223217      1217820.452869130997         1841.926482329921      1215978.526386802085
 49            0.027656772008      1217820.452845471911         1841.924977128963      1215978.527868343052
 50            0.023553489375      1217820.452829498099         1841.924002814312      1215978.528826683993

